50 5 2
25 25
13 55 72 72 39
94 53 20 92 1
30 34 56 76 49
65 89 68 89 12
58 1 45 75 61
85 90 13 20 53
13 67 76 12 46
61 70 17 34 96
18 34 78 4 68
97 84 54 23 24
63 39 59 88 8
28 6 25 38 93
60 84 14 78 98
21 1 43 23 80
59 27 14 80 16
84 94 94 39 72
100 100 14 43 54
20 95 60 58 98
33 25 12 95 75
83 21 14 57 35
87 32 41 84 39
9 34 97 98 52
9 91 6 4 93
86 54 29 41 14
21 79 77 25 7
15 43 59 71 11
71 26 7 16 39
67 88 48 96 66
87 39 19 69 9
33 91 38 48 31
78 10 29 23 100
15 37 73 3 96
58 74 45 1 29
4 67 61 91 88
53 87 57 91 47
58 64 33 54 16
59 64 64 14 64
87 86 20 27 89
12 16 95 81 62
98 77 45 37 11
40 14 88 45 82
19 69 40 55 86
39 47 35 55 30
31 93 74 32 90
25 99 57 27 47
24 44 80 51 42
18 33 44 61 81
43 17 48 27 89
45 27 84 56 62
13 58 17 36 97
