50 5 2
25 25
58 53 16 29 6
70 20 2 44 33
7 33 12 54 9
62 37 70 3 1
18 79 96 21 3
57 83 53 61 59
97 9 7 92 77
99 27 79 1 12
3 64 74 13 41
81 58 86 42 48
6 58 13 100 32
27 86 52 78 12
53 18 66 56 47
3 95 93 70 35
50 32 92 82 97
86 22 74 6 8
77 29 24 16 83
54 15 85 8 88
48 36 46 25 50
51 30 67 57 2
71 27 7 77 8
15 78 60 52 22
32 25 41 56 68
80 63 22 81 3
23 35 17 1 2
88 87 41 47 54
37 70 48 10 95
100 8 1 29 93
97 53 96 28 63
21 64 36 45 48
81 14 41 63 4
35 31 80 82 28
20 1 56 2 57
64 85 30 12 28
44 51 50 39 18
84 17 58 27 67
42 17 54 30 48
90 100 89 58 61
91 76 33 18 73
94 67 74 89 25
32 90 93 96 20
41 71 56 56 58
62 96 80 44 38
5 50 57 83 39
23 31 36 31 75
11 98 88 64 39
75 61 33 72 39
97 33 70 7 39
79 9 94 50 11
92 96 34 37 20
