400 6 2
200 200
73 11 85 44 97 11
55 13 20 24 3 72
3 96 4 2 15 30
87 60 84 83 99 95
72 44 91 27 21 10
46 48 93 64 65 2
58 10 5 72 90 28
57 100 25 40 53 47
11 91 54 3 9 27
28 34 53 23 43 82
62 16 18 8 81 83
47 87 100 1 76 77
16 24 54 84 44 4
90 63 51 13 58 32
84 91 39 52 92 90
76 17 84 77 9 48
61 88 5 90 58 36
49 84 83 95 41 72
77 28 1 78 59 31
69 29 93 11 25 28
99 59 96 33 92 86
98 90 45 75 84 42
1 12 70 95 34 19
17 89 25 74 7 74
74 23 93 61 80 2
37 15 20 82 30 81
50 66 99 70 87 8
38 56 89 94 48 74
36 13 78 42 34 97
65 62 8 20 22 31
12 92 92 79 8 8
86 76 55 58 71 27
57 38 94 97 47 64
66 2 54 5 88 36
79 52 93 90 38 29
15 61 77 81 1 56
21 72 36 32 38 36
53 25 41 45 42 74
77 84 28 43 65 38
77 35 74 18 21 70
18 93 97 3 95 20
28 38 36 4 21 25
82 46 32 87 71 4
51 61 77 99 26 44
87 89 61 28 11 49
62 29 18 69 91 62
60 25 68 82 98 64
93 86 74 71 21 63
71 79 9 37 5 51
36 56 33 18 88 33
13 53 10 89 86 31
67 61 10 3 54 45
89 7 65 3 73 17
80 21 34 39 86 60
52 29 30 79 99 43
10 26 27 90 70 69
38 4 18 17 14 17
86 40 20 64 100 71
14 32 46 66 28 100
27 58 45 38 25 39
69 40 77 81 29 5
5 15 70 14 67 47
93 63 88 26 53 59
19 43 23 43 97 74
13 96 64 48 81 94
47 79 45 61 63 55
60 71 6 53 99 72
91 4 57 80 87 14
47 39 32 28 74 17
41 63 99 65 57 80
78 43 27 85 6 89
6 84 91 73 97 65
21 75 76 27 76 84
22 2 22 38 99 94
52 56 24 81 21 70
60 5 54 9 17 34
92 7 83 7 100 8
59 95 5 38 91 28
67 26 70 36 60 63
14 14 60 7 71 23
34 44 11 72 30 65
33 60 5 100 8 17
90 8 73 75 5 50
94 97 14 72 4 90
21 6 14 22 33 1
42 73 48 50 43 42
63 24 27 57 48 73
47 38 20 96 2 79
96 51 56 29 8 14
75 82 90 77 8 5
93 21 26 67 71 80
29 36 96 64 73 98
80 7 69 23 67 60
88 3 39 38 18 87
14 2 12 3 42 67
44 14 17 88 46 84
88 70 45 3 38 70
92 84 95 26 19 80
8 57 72 66 70 94
64 78 63 100 62 80
44 36 83 100 38 74
3 63 65 40 60 11
68 9 91 13 32 1
7 20 36 36 50 36
13 45 24 62 65 73
35 58 67 19 18 80
66 46 29 44 69 65
50 69 67 19 31 80
8 68 35 37 90 94
42 91 18 39 6 84
56 90 92 12 36 67
97 23 35 23 82 34
21 66 38 71 67 35
24 97 73 81 43 2
18 50 94 89 22 46
42 28 61 63 48 77
96 5 92 60 78 74
53 95 75 25 62 63
32 31 45 41 93 84
77 92 62 46 2 76
44 98 69 99 86 97
2 15 11 19 74 26
23 24 6 62 16 30
60 36 64 93 81 25
56 8 88 40 67 78
62 10 91 32 33 31
36 80 94 90 78 68
29 21 16 98 34 83
84 43 90 48 31 13
96 95 7 97 51 9
17 42 41 21 1 79
13 17 52 87 84 87
78 18 83 95 69 84
56 85 29 88 66 66
17 7 22 55 2 56
14 92 97 13 79 83
4 65 74 65 84 16
59 38 38 4 72 65
35 21 16 67 86 74
24 35 8 66 83 9
93 22 66 37 73 48
16 20 13 38 46 79
79 42 64 89 33 18
15 48 100 16 32 9
72 31 14 72 91 22
33 37 30 67 37 98
10 13 36 32 35 31
26 70 97 1 54 77
2 16 30 30 13 78
50 21 18 84 11 85
85 44 26 89 1 18
14 10 1 29 42 51
9 32 6 78 52 2
79 46 93 57 62 44
26 88 32 2 14 40
60 15 93 60 8 11
82 6 92 88 29 57
60 20 72 95 22 39
82 53 87 78 31 64
48 94 75 86 71 37
90 6 37 9 83 2
36 86 23 40 43 54
52 94 58 92 45 69
36 58 38 26 56 54
18 9 95 81 70 83
25 6 11 36 39 10
93 76 22 11 54 8
13 84 17 1 100 60
48 51 37 21 100 35
47 37 45 23 91 77
25 2 79 28 11 91
2 77 56 54 98 94
17 96 42 88 89 54
16 12 36 68 67 21
19 45 89 82 43 34
41 2 98 43 34 30
35 38 37 30 58 3
14 72 23 39 11 4
16 24 2 9 66 78
73 20 85 6 79 71
51 29 20 46 72 72
16 32 22 62 99 16
15 22 51 61 35 95
14 28 11 75 49 85
83 5 89 27 16 9
17 72 7 37 63 98
45 32 14 64 100 13
74 6 79 16 66 27
74 42 51 62 65 90
87 79 33 91 32 5
78 72 61 24 72 41
69 16 58 86 42 12
18 68 94 13 62 91
60 84 53 3 54 89
81 27 59 85 2 73
35 1 22 46 6 45
75 16 37 10 42 79
27 75 92 28 80 35
96 75 73 15 32 95
30 75 35 92 26 34
81 94 95 5 53 47
88 70 79 86 24 55
88 30 16 63 83 33
1 23 9 61 99 19
100 98 32 91 60 43
87 93 51 27 56 31
24 14 21 5 76 17
30 31 48 41 21 10
97 6 72 79 30 83
31 82 85 61 57 65
55 13 26 97 99 35
4 20 46 95 43 17
10 19 4 85 56 41
72 14 12 17 62 68
17 4 27 77 82 19
66 57 26 66 95 99
57 46 2 75 37 51
8 40 20 89 80 15
75 48 11 4 27 78
37 70 9 40 8 84
15 45 29 59 39 73
2 51 62 60 35 18
81 91 80 9 8 69
34 87 73 59 99 30
41 61 25 42 13 9
69 35 14 22 1 21
10 10 44 6 48 78
95 65 27 32 72 25
36 34 70 71 17 62
55 79 51 36 5 14
96 95 27 91 26 42
11 98 15 87 54 45
57 60 79 41 1 75
98 30 43 99 26 4
98 79 17 16 79 45
22 11 27 46 89 33
46 30 90 29 21 2
73 33 78 99 15 5
45 20 54 26 93 61
10 76 79 27 30 48
21 86 28 92 19 97
41 90 73 93 13 34
53 15 51 94 11 31
19 9 92 97 24 5
41 55 57 43 64 6
56 18 29 38 46 21
16 10 72 80 93 92
71 42 74 48 73 17
55 63 69 79 49 21
9 6 32 41 13 68
2 20 14 19 2 100
61 63 95 50 11 88
86 40 68 38 96 16
5 82 21 26 9 22
18 78 87 5 15 19
47 79 5 8 37 33
22 56 32 98 93 78
2 56 60 30 42 40
17 75 70 16 70 57
76 53 36 33 87 21
93 59 77 58 96 12
63 98 97 72 37 69
64 69 88 13 4 76
10 100 81 1 49 68
80 4 53 60 42 60
99 52 89 65 37 57
86 67 44 1 43 9
32 50 55 61 38 16
75 94 43 25 62 90
1 15 28 53 44 76
68 4 5 31 43 64
56 29 65 12 86 91
80 69 46 39 12 26
85 24 99 97 55 33
75 87 17 88 8 86
80 91 57 61 31 16
30 10 68 97 31 34
8 19 59 59 94 75
10 60 94 93 11 19
31 22 12 34 90 26
68 60 44 84 3 84
32 96 5 28 44 37
34 26 30 7 18 84
15 88 4 10 60 3
5 61 73 76 99 49
20 55 76 10 24 75
16 22 93 26 74 67
56 96 51 82 83 37
49 68 41 59 8 15
18 99 21 70 64 86
87 29 32 91 2 80
92 7 19 74 63 86
85 94 52 21 81 7
49 65 5 91 83 23
5 77 94 68 47 34
72 100 56 74 28 67
39 79 4 58 58 70
9 67 52 99 74 30
71 60 21 65 27 59
49 81 67 60 66 33
59 5 69 1 55 40
63 89 34 59 28 66
47 84 98 78 98 34
85 97 61 12 91 91
88 96 82 48 15 4
65 74 69 48 75 5
60 14 42 9 59 20
98 88 35 63 100 85
24 72 29 62 59 42
57 73 76 61 26 17
99 76 85 78 13 19
31 87 60 18 46 34
93 41 90 81 95 85
20 64 4 96 19 70
37 49 68 27 91 91
13 61 96 39 31 10
59 54 95 30 65 37
79 51 38 33 25 8
42 46 56 91 3 8
39 36 55 87 80 98
73 67 85 42 44 46
86 9 33 3 63 1
47 64 44 82 58 20
95 70 76 62 76 50
26 63 82 30 8 36
43 27 51 7 26 64
95 61 5 11 83 71
17 50 92 83 44 59
42 45 20 62 46 5
22 65 82 36 10 90
98 86 16 42 19 84
30 34 94 5 29 94
57 96 90 39 93 71
1 32 91 95 19 56
42 63 48 62 84 2
32 60 34 52 99 70
39 67 94 61 80 26
34 54 9 44 72 84
55 18 12 92 32 64
16 2 12 19 68 54
65 50 19 52 53 16
2 82 64 90 28 75
20 95 94 98 38 35
22 41 35 86 18 30
59 22 68 67 4 61
39 49 24 20 32 36
69 89 25 54 93 42
98 66 59 24 77 66
36 93 19 95 96 82
6 10 91 31 17 85
31 13 71 84 96 59
86 49 43 98 71 64
40 84 90 58 3 16
63 83 77 14 35 94
97 60 32 73 67 67
65 42 66 97 48 85
43 14 31 33 84 5
87 4 42 97 100 100
18 31 85 24 22 71
23 95 4 48 72 70
52 76 80 81 51 12
94 53 81 38 59 3
72 43 21 17 83 40
49 86 63 83 99 17
48 31 49 36 20 99
94 9 83 58 22 33
50 42 47 71 17 29
41 26 100 81 12 72
40 52 22 99 41 62
76 60 11 11 30 45
50 70 60 38 26 67
93 73 3 92 64 41
24 87 83 41 57 12
100 46 66 60 35 78
81 76 20 72 24 45
7 56 86 20 48 45
69 42 19 5 26 43
58 41 33 4 14 93
13 69 64 45 86 30
24 16 42 25 14 63
65 86 45 64 13 40
3 86 31 64 50 62
26 37 47 12 51 76
89 95 54 63 82 42
25 28 59 72 37 94
82 30 9 27 50 100
51 3 9 43 5 33
87 45 40 83 37 64
11 34 25 18 22 48
21 44 59 14 85 22
93 73 89 82 88 54
17 27 8 40 91 97
19 75 34 70 3 89
29 15 36 8 61 3
89 9 44 82 88 61
85 25 27 7 53 83
66 15 99 72 70 44
38 33 23 70 78 60
41 26 46 46 39 15
43 98 58 77 54 27
