150 7 2
75 75
61 16 10 73 10 58 47
80 13 99 14 36 45 57
4 49 93 26 76 72 90
1 63 17 56 61 33 98
53 39 98 34 69 84 91
64 78 67 35 44 98 65
91 75 86 11 10 40 93
8 89 47 10 20 58 54
69 14 2 42 12 31 96
32 62 16 57 64 92 80
50 98 4 92 56 9 37
71 42 4 68 72 36 6
84 31 49 18 58 82 88
88 62 14 86 96 46 1
71 69 62 23 79 49 96
9 23 42 45 79 36 88
14 65 70 98 81 34 26
22 12 44 65 48 89 28
27 30 81 12 27 88 8
29 96 34 18 25 57 41
29 98 81 58 37 79 40
76 66 81 80 24 62 46
77 72 44 13 1 45 3
78 92 87 36 88 96 5
22 58 17 45 69 24 65
33 84 30 41 66 84 44
50 16 21 43 90 72 35
28 67 8 64 85 61 71
36 23 59 25 23 95 24
99 6 16 44 47 8 81
90 52 75 2 4 45 47
74 77 62 44 99 51 16
11 3 42 84 4 99 41
7 70 72 51 6 73 60
35 35 48 71 16 94 8
60 38 50 35 49 17 33
71 90 45 95 76 32 70
37 95 48 82 62 56 79
40 18 55 49 39 44 36
82 92 65 41 89 100 35
30 70 24 49 3 3 41
22 2 83 40 55 97 20
52 81 40 93 44 38 64
97 82 69 36 24 75 16
14 90 43 57 70 80 5
61 5 97 93 75 86 71
65 61 28 65 5 43 3
35 91 56 47 69 87 12
96 53 83 64 56 87 98
45 46 21 35 60 39 34
92 4 51 47 68 72 61
36 77 39 23 49 79 4
19 46 69 74 37 100 92
7 23 42 81 42 99 41
63 43 9 56 80 34 42
43 84 26 77 12 92 31
79 10 91 43 12 2 51
58 61 42 58 64 60 95
12 75 28 1 40 9 26
76 76 85 49 49 1 38
31 61 5 30 76 54 35
67 64 20 14 11 80 83
65 38 88 30 69 41 34
26 74 82 2 4 37 20
50 14 18 71 62 7 62
2 1 37 14 39 17 26
62 84 81 73 99 4 15
65 64 31 83 73 8 52
68 94 38 21 84 70 31
43 8 41 91 96 97 13
13 45 54 42 19 16 7
38 42 26 74 72 44 66
97 20 27 50 20 13 83
88 49 81 41 49 60 47
15 1 70 44 19 82 47
79 49 44 65 50 1 95
83 10 17 71 69 93 80
38 81 39 32 59 21 22
95 15 38 56 87 23 10
26 62 62 47 41 98 46
58 10 49 93 34 98 100
63 3 2 42 37 1 86
60 62 97 73 39 74 84
21 59 93 49 52 79 47
80 60 67 94 50 62 4
80 5 1 100 67 77 15
89 64 70 46 41 85 75
52 9 71 92 23 67 94
37 89 11 4 85 60 4
43 43 29 21 12 93 50
9 63 36 50 2 8 63
67 52 80 41 56 37 82
56 1 43 18 41 85 13
93 65 34 24 44 89 81
19 79 81 78 36 50 6
92 96 25 6 44 9 79
95 44 89 74 42 1 57
44 78 99 98 70 72 59
56 77 23 15 27 66 20
89 52 39 31 41 76 56
75 44 21 52 98 32 26
77 91 56 78 44 64 63
6 21 5 30 11 15 22
73 56 49 44 47 70 69
42 78 13 73 7 52 72
70 38 22 84 86 41 90
64 11 92 55 92 24 51
16 73 6 89 77 99 99
7 93 46 53 45 59 51
51 45 45 31 13 33 47
93 89 74 46 73 18 34
14 45 25 29 50 27 90
59 93 52 33 42 84 2
40 36 34 33 63 10 86
80 86 48 53 2 17 97
40 2 91 71 64 27 53
82 32 96 27 38 18 61
67 50 62 76 13 41 92
59 99 90 49 76 74 41
92 48 23 34 34 54 21
40 75 43 45 74 70 12
67 56 94 99 15 13 41
5 3 82 29 59 12 58
63 28 9 36 52 37 82
56 48 22 89 18 41 28
13 23 33 15 28 53 42
57 95 27 24 18 29 66
41 4 90 18 87 10 75
17 6 55 17 27 80 3
22 21 91 67 20 60 42
69 13 90 27 73 73 66
46 65 70 97 44 30 49
71 3 87 28 54 84 1
53 80 66 38 75 31 15
38 91 4 73 6 41 79
48 77 26 71 36 69 57
24 18 94 55 7 42 76
43 42 78 53 90 13 52
75 30 50 24 71 43 72
98 98 14 44 47 63 30
58 9 100 85 96 75 51
68 26 29 26 91 79 65
48 11 19 2 57 33 75
29 48 48 7 39 50 98
4 45 89 78 56 84 77
61 60 54 62 15 80 55
29 36 57 54 94 100 30
24 36 45 4 51 15 10
36 54 20 35 80 10 97
12 70 21 93 70 72 38
