100 6 4
25 25 25 25
7 15 86 23 29 65
42 54 8 72 71 8
54 100 75 62 100 38
93 48 75 98 70 31
67 92 82 18 100 54
1 84 52 73 14 21
70 54 46 57 18 73
88 94 79 15 96 78
73 40 19 17 77 84
58 34 39 21 100 51
66 16 72 74 30 100
49 74 53 18 18 25
81 19 42 5 29 50
91 25 55 85 6 22
96 91 47 89 88 94
10 18 40 34 73 67
89 25 92 56 46 62
17 68 75 99 100 6
75 1 86 44 16 90
39 89 84 83 2 71
28 40 53 52 27 44
69 62 29 18 83 44
83 45 88 5 57 14
75 83 2 90 35 11
95 71 37 22 56 79
80 4 74 91 69 54
41 29 8 8 43 64
3 18 61 35 79 100
18 10 42 95 9 66
37 21 55 30 79 10
98 14 52 100 10 18
29 64 22 39 48 1
84 58 13 87 62 82
71 5 56 25 80 61
38 43 74 100 64 62
46 65 97 30 50 25
74 98 82 51 79 37
15 3 59 28 5 32
96 20 41 46 76 72
29 55 28 50 83 34
98 90 87 84 5 82
42 87 67 6 32 32
49 67 78 86 48 83
87 87 76 89 48 15
11 42 83 43 88 18
42 25 76 25 20 34
19 84 28 48 95 28
42 10 92 45 53 8
47 81 89 30 11 89
41 6 76 29 100 38
6 79 90 81 12 49
47 62 92 64 66 66
25 6 52 49 2 83
36 100 32 31 98 10
28 50 93 58 41 87
44 74 71 8 65 16
95 28 2 34 63 57
13 59 77 99 38 57
50 26 54 94 60 14
11 99 22 39 68 38
28 3 46 15 25 68
78 90 100 42 16 91
20 14 6 93 32 78
84 12 49 30 43 64
78 26 20 57 20 77
97 40 36 9 93 86
46 100 94 59 11 48
18 40 83 43 52 96
71 37 83 98 39 47
55 100 73 53 16 40
83 97 96 12 93 100
42 24 47 24 57 68
83 63 48 65 9 68
57 99 36 38 65 75
11 47 86 98 37 71
27 16 25 12 98 7
28 94 57 60 100 74
27 47 20 72 6 57
29 19 70 97 18 75
45 71 36 65 28 85
61 60 68 18 61 22
11 61 71 10 72 22
96 51 50 56 78 65
20 83 8 44 57 42
67 65 99 100 39 66
50 64 52 59 28 16
73 33 8 95 76 66
83 70 15 6 44 33
100 97 43 67 25 45
100 54 29 63 69 2
86 40 2 82 76 33
76 15 14 10 35 39
72 13 57 44 36 49
23 83 69 68 67 100
83 45 17 62 10 4
83 13 96 21 43 28
30 72 92 81 24 54
45 85 37 87 73 46
55 74 30 83 91 39
74 83 43 71 12 68
