400 8 4
100 100 100 100
37 60 2 100 38 33 86 98
46 7 1 23 55 79 44 24
4 49 4 34 44 100 85 64
74 52 84 3 91 87 15 7
90 91 48 93 25 53 65 58
37 98 38 34 52 46 46 58
1 30 100 56 8 35 97 26
60 44 74 83 16 25 86 78
74 45 86 52 93 17 67 57
75 49 43 15 66 21 94 81
80 52 54 20 86 95 45 87
77 34 49 87 35 57 19 31
46 8 48 40 79 7 91 79
27 10 10 31 13 36 49 79
42 84 67 87 96 30 51 30
39 100 19 76 63 82 66 57
96 38 46 40 82 83 91 68
28 85 59 71 83 35 65 73
69 58 9 15 67 23 14 58
31 43 12 34 90 42 92 63
52 6 59 59 66 48 22 6
91 23 28 6 46 95 35 44
37 29 24 62 56 74 62 77
26 95 84 34 3 64 38 19
100 70 51 37 90 47 10 3
40 47 100 58 93 81 68 91
57 52 56 15 87 5 40 8
35 56 53 23 34 20 5 22
40 59 12 1 60 87 40 24
62 100 43 1 90 24 87 5
37 87 4 53 20 94 6 22
70 55 57 35 34 24 69 84
59 96 17 24 12 84 79 34
94 20 85 89 70 19 51 77
70 30 95 22 38 33 69 95
43 37 37 30 67 38 12 54
35 39 24 28 9 27 17 69
28 36 9 4 37 56 10 20
46 67 92 45 71 13 42 99
86 73 49 54 36 14 92 50
57 46 80 95 78 82 33 36
45 96 75 29 6 69 74 27
94 52 17 51 31 26 21 4
90 98 93 31 32 60 24 33
82 70 70 17 60 6 93 32
68 9 64 55 58 10 16 47
43 17 5 35 80 6 94 21
84 67 74 70 2 27 92 93
9 76 75 59 86 96 64 91
49 25 52 96 33 57 92 91
10 94 82 35 23 80 68 53
19 47 89 8 52 26 89 66
77 82 66 58 90 56 57 59
73 31 6 48 32 37 95 55
15 79 66 40 25 55 26 85
95 25 27 67 65 62 76 74
96 26 15 41 26 98 98 87
92 73 1 60 59 77 28 80
19 2 97 22 48 25 9 92
6 45 14 47 52 2 70 94
93 61 41 64 34 55 20 58
80 6 71 36 75 82 100 24
85 40 86 94 25 3 21 73
4 67 61 35 23 65 57 42
91 69 69 89 9 33 78 27
17 70 81 55 88 36 55 68
71 43 95 87 43 78 57 12
97 57 56 46 88 34 24 97
8 5 23 70 12 78 96 1
96 81 16 30 64 29 18 45
37 88 39 59 67 1 61 59
71 93 66 80 75 93 29 34
85 65 40 77 96 72 35 28
54 65 10 75 56 11 72 92
91 61 12 26 77 90 7 43
28 4 75 15 80 98 79 96
35 76 11 36 59 54 83 26
30 97 88 9 72 62 54 29
46 62 41 19 34 67 2 6
64 34 44 17 40 59 48 81
19 16 43 3 26 64 74 24
46 80 39 79 53 1 84 61
12 31 64 65 77 9 19 60
55 20 90 80 31 59 10 57
48 54 54 51 51 15 34 41
17 44 11 14 90 10 7 6
6 7 31 92 32 37 53 75
86 12 95 84 91 90 6 8
9 17 82 97 44 88 45 74
78 64 33 96 53 83 76 53
96 6 31 62 59 23 98 86
86 2 46 88 65 19 23 94
12 87 31 38 32 52 42 27
47 15 60 60 58 7 46 31
59 26 45 26 18 20 57 26
4 88 86 37 82 77 14 43
73 11 31 25 29 10 26 57
5 41 46 24 44 60 99 22
70 78 25 7 57 21 69 92
3 61 3 6 48 73 28 69
8 49 31 54 47 68 14 42
99 57 38 33 92 41 93 83
20 36 96 6 32 46 65 20
76 15 34 56 74 32 76 12
64 40 10 86 21 32 99 83
80 70 1 39 54 19 38 1
48 24 79 31 47 43 53 3
95 82 6 27 19 60 17 1
66 90 23 93 65 28 51 22
58 28 58 97 14 10 94 72
10 15 51 57 20 25 17 22
77 94 85 49 67 36 69 49
96 98 62 22 51 47 29 92
84 93 67 93 79 80 97 3
63 65 17 4 76 30 53 4
84 70 68 76 19 20 46 65
89 89 45 94 11 16 26 86
55 43 15 94 79 72 6 41
80 63 14 45 64 98 19 8
34 26 87 53 24 97 21 96
68 88 34 17 69 93 39 57
50 91 40 20 12 53 78 26
90 16 37 39 95 84 23 35
54 10 46 4 17 41 11 95
83 9 73 37 92 88 61 38
85 35 73 48 100 99 68 69
41 49 95 83 13 89 20 62
44 64 75 41 1 100 90 8
98 71 54 1 71 5 96 90
96 35 17 36 74 88 53 56
83 39 85 98 81 16 52 2
77 12 19 3 38 17 25 91
84 46 5 53 25 20 6 72
44 4 35 71 83 33 82 73
90 67 97 32 5 58 94 85
13 67 43 19 76 62 39 52
49 21 8 54 27 68 78 41
49 40 77 47 34 31 48 67
93 98 38 92 68 100 41 75
46 71 68 98 95 100 97 15
87 90 36 23 65 68 16 71
49 69 25 63 48 37 90 13
44 87 89 3 1 57 11 95
75 52 27 36 77 82 19 14
56 76 20 8 12 69 62 4
77 20 59 48 47 72 16 29
4 9 78 85 74 28 79 94
97 16 51 58 10 54 12 4
75 70 38 79 35 17 33 17
72 25 64 15 63 45 54 94
59 11 86 64 12 80 26 29
27 52 79 80 7 99 41 3
55 96 28 50 27 53 97 21
12 39 39 28 74 6 22 9
56 97 72 99 33 59 24 73
41 68 86 95 51 3 6 62
45 10 34 15 54 34 59 86
66 93 51 13 66 22 33 70
66 26 27 41 22 19 44 50
50 59 47 88 75 41 61 50
11 10 65 27 38 76 83 82
83 63 6 72 15 79 14 73
76 46 50 14 16 79 80 98
91 86 21 70 53 92 46 72
37 84 85 83 61 24 35 57
93 73 40 42 100 11 60 45
96 51 52 20 24 12 10 47
46 90 56 45 26 80 52 13
47 74 32 48 94 53 50 30
42 16 47 65 36 45 5 91
5 55 83 73 67 46 74 35
90 27 23 93 50 35 7 97
62 68 56 97 49 80 24 14
51 2 17 89 37 88 23 78
8 1 83 51 43 3 80 38
59 29 79 87 65 85 87 83
71 20 84 86 61 18 34 64
93 32 17 95 97 18 51 37
28 88 60 84 23 50 35 32
41 93 46 28 99 68 52 78
33 90 7 41 89 38 82 46
5 99 79 44 5 18 39 88
17 28 96 53 64 90 1 76
4 86 22 8 85 74 12 81
4 13 100 82 47 72 59 40
18 7 24 55 77 24 26 97
97 27 69 26 51 62 73 22
32 89 15 96 14 5 9 45
87 90 59 65 59 29 43 56
14 25 10 5 19 4 37 52
22 86 9 14 63 81 88 49
99 50 100 57 1 68 30 68
8 4 66 50 33 41 12 81
8 54 2 51 8 57 6 68
66 32 72 49 67 89 55 24
65 76 4 79 89 89 47 13
19 65 81 95 73 33 92 56
57 33 65 82 8 42 30 14
37 74 49 95 33 45 7 85
90 40 13 46 70 47 74 44
18 77 54 76 99 22 20 69
89 55 91 95 100 28 41 64
15 82 85 77 73 26 86 51
86 19 9 19 31 45 58 92
6 29 65 30 9 33 44 79
64 22 41 96 45 74 2 81
15 94 39 36 12 66 47 55
80 57 26 53 27 95 89 49
62 11 94 24 53 45 33 60
51 14 17 20 68 24 37 15
78 41 55 14 77 10 85 6
13 47 34 28 81 35 35 83
40 61 3 50 38 64 26 75
41 89 60 88 70 41 76 34
79 6 70 56 14 97 99 74
57 43 47 21 6 64 7 74
98 26 59 42 58 18 96 76
76 9 67 75 62 54 32 76
71 1 39 44 28 72 64 94
61 99 61 84 51 9 44 86
50 62 67 18 48 73 49 20
4 85 44 17 24 37 100 26
47 76 85 54 52 12 39 7
20 28 7 66 74 16 26 54
37 42 39 56 62 85 34 19
66 50 70 30 94 8 77 24
25 42 81 36 39 92 3 16
72 85 36 40 43 60 10 2
34 6 85 80 77 65 92 13
100 63 97 66 74 60 20 87
65 32 50 20 72 60 2 71
12 85 32 76 56 87 91 81
71 25 22 83 24 77 22 65
73 27 71 82 67 8 10 66
6 80 93 48 17 50 36 79
45 32 40 23 86 75 91 36
87 93 22 71 39 59 76 84
38 38 77 45 40 68 62 25
30 20 39 30 77 15 60 38
45 85 29 20 61 30 68 99
3 46 69 30 44 67 72 71
21 63 13 54 3 59 38 41
49 23 29 27 93 82 20 96
61 41 73 38 57 91 56 100
27 4 56 19 52 46 43 94
20 33 83 91 27 29 6 33
22 49 9 54 55 36 2 37
27 48 59 42 18 76 24 12
76 35 94 94 91 22 3 81
44 72 17 100 71 6 11 19
87 26 66 14 46 30 18 90
14 39 26 74 12 43 65 14
27 52 56 46 66 31 38 42
65 38 22 78 50 77 71 89
30 54 75 55 10 13 10 61
93 97 16 72 95 82 6 85
97 27 41 72 30 56 25 22
4 7 52 9 15 85 5 11
72 38 81 48 37 95 78 95
36 34 65 4 15 25 45 15
38 36 62 70 93 99 79 64
37 60 99 10 64 63 83 60
81 40 95 97 88 23 40 63
31 10 7 28 31 88 16 50
69 23 64 57 49 81 14 13
27 15 21 7 80 76 97 67
11 61 30 67 30 93 8 65
28 63 8 87 65 36 70 54
22 95 62 13 32 57 43 36
79 74 84 35 89 9 63 4
66 44 44 45 7 83 98 68
10 74 27 15 68 68 93 4
19 37 5 47 92 65 92 67
25 93 36 61 46 57 43 80
90 2 25 15 27 8 56 68
86 52 98 77 24 35 39 1
75 58 68 98 100 94 42 82
32 84 99 39 43 61 98 76
74 78 90 69 82 6 17 70
10 41 40 32 71 80 91 16
23 54 68 45 80 82 1 94
31 36 96 81 49 56 58 92
3 22 13 38 89 42 86 99
30 64 88 20 46 98 51 50
62 2 100 58 59 33 97 74
73 67 91 56 66 44 24 29
12 93 77 46 55 47 40 36
51 76 55 73 62 28 51 30
38 79 4 62 47 66 90 100
18 93 66 22 15 4 92 92
80 95 54 95 71 70 61 75
34 54 15 58 4 66 88 20
39 2 56 34 42 81 22 31
35 31 12 67 48 11 2 17
39 24 1 66 26 64 92 10
15 11 8 33 49 5 87 66
26 94 82 21 60 61 81 98
37 19 55 92 84 91 10 24
16 56 97 56 48 94 15 42
49 23 79 37 18 99 89 59
82 82 97 83 86 86 98 32
38 68 96 4 63 99 94 99
93 46 88 31 74 66 62 17
81 1 33 5 47 53 61 27
86 8 72 61 55 82 59 5
37 31 91 49 40 16 69 89
97 59 64 8 38 93 37 80
38 69 21 4 85 33 32 48
18 74 23 75 55 88 53 8
20 7 39 54 89 82 45 41
16 27 69 62 92 68 79 65
51 78 48 93 16 13 58 96
80 11 23 39 59 57 40 45
98 58 7 9 40 41 97 46
32 26 20 56 40 81 42 1
98 42 4 14 6 29 7 1
52 67 49 4 73 72 41 55
61 64 75 61 41 23 61 21
87 82 65 99 12 44 95 48
76 98 27 4 79 79 71 44
63 29 38 31 21 91 58 58
59 93 8 46 40 44 68 15
74 1 58 27 51 55 58 55
92 94 84 32 13 28 100 72
94 60 85 82 46 21 17 29
12 100 54 31 98 30 83 32
47 25 61 7 33 79 55 48
86 100 82 60 60 53 71 34
6 73 54 40 40 11 35 96
40 51 61 96 24 73 86 85
59 6 73 73 4 54 96 35
74 39 97 34 98 3 66 55
88 17 16 51 97 73 17 56
24 71 25 31 33 4 69 80
27 21 83 78 50 25 81 43
19 56 39 95 3 93 92 19
33 98 20 95 93 26 67 30
81 18 63 62 33 98 59 12
22 91 43 76 89 4 33 77
22 97 31 16 43 13 11 90
39 19 76 80 90 68 37 29
78 82 7 99 36 97 70 96
79 43 77 31 83 50 49 4
46 26 18 64 6 71 6 50
39 49 76 58 63 71 94 54
60 6 26 14 92 65 76 23
36 87 3 47 85 79 88 63
60 55 5 90 45 56 67 64
44 16 29 71 57 4 11 16
9 39 71 40 48 62 10 32
99 21 90 22 2 95 68 100
4 10 9 39 49 26 1 75
26 22 30 21 65 72 86 85
26 5 50 94 38 49 88 20
30 61 29 33 88 50 2 27
90 15 50 91 45 23 72 15
15 85 47 61 30 92 86 60
37 4 19 32 86 9 62 67
61 96 44 40 59 25 54 5
18 2 52 19 18 13 59 47
28 9 36 15 78 87 15 67
26 37 6 20 49 6 88 86
28 69 11 19 36 40 14 56
20 50 83 81 59 48 48 33
14 76 84 24 67 6 5 83
93 49 59 33 72 55 29 9
40 77 18 15 11 83 12 95
34 42 12 29 38 60 37 22
38 59 72 12 70 69 36 78
35 8 11 85 73 28 81 82
66 7 34 28 40 74 40 93
92 55 91 49 1 66 79 67
75 70 63 79 79 39 80 91
51 3 85 75 58 79 19 99
46 88 21 17 56 41 15 57
46 68 63 24 97 19 40 66
40 24 21 25 30 14 65 27
80 64 7 65 53 94 72 53
30 68 54 31 13 36 52 42
7 2 1 18 17 62 88 26
36 32 45 87 61 52 74 75
52 14 58 78 62 74 24 15
44 25 77 65 53 58 78 86
22 74 59 92 76 22 4 57
32 18 43 14 90 13 58 60
73 41 39 21 57 27 36 35
76 90 79 43 94 19 54 69
59 92 65 42 6 24 17 82
64 62 12 57 19 31 80 13
32 95 76 43 86 2 99 74
89 8 96 23 54 26 39 95
35 58 19 59 80 30 71 86
58 66 60 89 60 9 85 66
34 17 32 100 8 40 4 52
63 14 43 30 82 83 63 5
56 9 35 18 56 1 5 73
85 49 43 50 94 40 92 77
55 81 61 63 53 46 42 33
54 36 58 9 33 30 37 11
89 77 98 90 59 89 70 64
