200 6 4
50 50 50 50
59 23 98 11 82 79
59 12 99 17 72 29
33 79 6 16 9 60
52 46 6 31 55 43
99 64 73 51 83 91
73 41 47 26 50 27
28 21 57 21 96 65
97 40 55 70 61 56
32 7 16 47 77 44
56 94 79 31 78 68
3 64 33 7 67 5
1 25 64 68 72 23
87 76 83 41 65 26
49 30 26 79 50 68
96 57 61 34 37 91
33 62 47 67 76 14
4 46 82 45 22 66
49 7 95 81 68 20
39 4 57 14 20 81
50 13 49 56 46 23
32 41 100 75 42 45
86 59 39 73 6 61
86 66 93 44 20 6
11 70 45 69 41 5
55 83 44 10 64 7
92 60 17 30 55 28
1 48 18 91 87 60
64 20 78 22 67 59
85 45 88 91 47 49
32 39 35 52 97 65
10 58 3 70 100 45
10 33 37 97 16 51
56 78 56 7 72 9
25 27 100 53 33 15
16 7 77 52 96 2
53 42 29 71 48 8
18 17 58 26 97 72
67 35 37 56 38 43
41 67 65 92 58 75
89 51 85 39 96 48
10 75 100 72 88 81
21 92 49 63 41 32
14 22 70 84 15 74
99 97 14 68 7 11
52 87 94 59 14 7
68 10 8 41 54 73
51 73 44 64 39 37
43 47 99 4 36 100
2 75 63 29 68 15
97 29 20 69 86 50
89 80 38 16 28 30
78 16 90 93 72 69
56 21 14 54 44 45
8 80 6 13 14 63
48 53 38 71 9 5
37 11 42 15 61 100
90 83 15 97 4 75
41 65 76 29 12 55
59 31 11 87 12 10
46 70 99 20 41 61
72 100 8 50 99 55
50 24 98 29 54 45
77 100 35 57 84 48
72 31 28 18 25 32
94 55 41 93 37 11
8 72 84 34 32 70
50 53 74 80 59 93
19 51 54 79 72 52
6 90 2 33 95 71
79 94 58 12 68 86
36 76 30 93 85 27
23 71 45 25 58 17
37 16 81 23 44 52
27 45 64 82 3 91
72 24 79 57 95 68
10 81 46 34 24 26
51 39 4 69 15 24
23 93 26 19 96 66
44 31 69 24 58 75
13 45 70 72 54 72
74 92 13 81 27 21
80 4 82 92 68 49
19 37 48 52 47 70
72 86 96 43 29 4
70 73 74 16 64 79
26 50 51 32 64 78
20 58 43 40 25 17
59 34 15 14 48 26
77 97 52 21 63 24
93 88 96 1 32 81
70 18 10 74 9 24
93 95 36 43 16 94
12 26 78 88 55 19
94 58 92 10 30 95
29 16 15 45 99 84
52 94 56 35 37 38
15 41 95 51 65 71
92 71 34 9 16 35
8 100 41 58 49 55
90 97 30 2 63 19
93 55 66 15 79 32
3 13 10 49 83 57
26 79 4 41 30 53
10 13 7 93 91 79
77 96 70 88 5 65
80 65 47 95 38 74
38 85 37 33 22 7
64 31 22 12 5 81
5 96 30 40 15 45
77 18 8 13 47 27
71 63 81 4 15 89
66 56 63 76 4 12
98 77 41 39 37 21
74 52 76 92 78 21
28 68 75 39 24 34
53 31 32 40 66 6
92 9 93 14 19 62
25 81 72 65 35 66
48 77 44 87 36 9
26 65 91 8 39 33
30 87 15 52 97 58
64 2 94 28 59 2
43 57 26 57 47 90
42 6 63 18 54 18
51 57 72 37 48 51
59 86 55 79 13 79
41 49 94 9 65 51
65 38 2 48 9 23
7 71 2 79 92 18
31 16 76 26 22 31
9 44 48 86 75 96
74 72 79 1 67 95
7 75 72 92 76 31
51 52 59 47 5 75
30 79 92 66 98 67
95 68 50 47 54 48
65 37 82 18 68 60
90 59 34 74 19 91
66 73 27 40 88 11
14 17 76 52 75 59
4 79 60 18 33 8
92 66 68 60 18 4
33 66 16 40 55 8
65 61 31 2 57 72
48 84 18 61 73 78
89 13 77 42 87 52
52 62 5 88 2 68
22 28 25 6 10 49
79 60 63 86 43 17
81 11 73 100 7 5
71 59 100 21 8 55
34 12 2 58 50 22
77 5 83 27 91 96
36 25 44 89 53 93
71 29 51 13 13 22
71 37 19 53 26 17
45 13 51 13 80 6
10 56 47 90 50 30
84 88 76 24 73 24
81 63 93 18 61 65
97 86 29 99 76 88
74 77 59 1 16 64
2 57 25 16 88 67
75 41 83 100 73 19
56 64 42 70 25 28
91 50 19 64 78 81
57 13 90 33 35 18
87 17 51 97 57 39
90 83 70 42 53 75
96 39 56 19 53 39
85 72 78 35 49 56
71 39 94 60 37 23
93 24 87 40 48 78
70 76 88 94 1 21
15 60 31 26 35 66
47 33 72 75 18 86
72 4 13 34 26 40
3 62 30 10 13 20
49 63 46 19 8 91
96 31 55 12 98 13
15 35 91 62 77 34
86 8 48 34 93 3
15 67 26 33 88 98
63 78 63 6 15 51
41 51 91 65 46 33
92 38 58 19 31 25
16 8 84 7 1 24
31 50 85 93 52 11
46 59 100 25 2 48
19 24 43 23 85 66
5 20 53 76 66 7
62 64 89 27 15 81
27 89 54 62 88 82
9 6 42 65 25 34
51 43 96 61 63 20
33 52 66 54 52 92
19 44 25 54 65 32
79 34 35 3 99 52
94 6 16 38 9 55
94 35 63 9 90 80
