400 10 4
100 100 100 100
25 59 31 9 68 4 77 67 36 31
65 79 28 38 89 49 81 80 28 61
36 63 94 65 46 30 16 89 64 46
84 73 98 31 82 56 8 42 74 14
27 32 58 18 28 91 28 27 44 15
62 21 19 94 37 27 16 5 38 85
48 12 17 71 77 91 18 69 65 24
24 77 41 15 87 11 77 24 96 72
15 27 14 16 36 60 64 80 85 15
60 19 84 36 97 75 16 45 84 73
68 35 81 63 1 74 19 22 93 24
30 71 37 36 63 52 94 56 93 50
21 88 29 57 40 91 96 23 1 86
44 35 8 78 43 37 4 25 87 9
75 85 55 95 44 53 9 60 26 67
22 87 82 56 69 74 79 6 10 33
74 63 90 79 68 70 27 13 51 25
14 11 35 62 57 52 1 62 100 22
29 70 9 78 54 92 14 42 5 29
42 73 88 73 88 36 76 59 58 83
9 25 55 37 62 46 84 66 68 23
82 33 31 74 76 80 27 67 60 42
36 19 14 49 81 73 37 9 84 74
87 61 87 43 74 99 5 65 68 81
84 6 80 77 85 70 38 81 85 44
60 3 3 57 5 23 74 31 63 66
73 93 34 54 49 59 36 56 81 12
77 87 86 40 100 37 82 21 64 82
28 80 21 61 72 85 16 52 3 84
31 62 80 39 61 59 42 45 27 97
17 97 86 74 44 98 54 24 93 65
53 8 14 69 48 51 93 74 48 55
64 40 89 79 54 99 56 90 55 5
5 30 4 22 80 12 27 96 15 36
40 49 42 45 34 98 93 18 70 9
23 3 93 86 29 100 35 72 59 15
1 58 69 20 83 84 76 52 86 31
91 37 80 91 32 92 100 37 49 54
60 4 16 34 65 36 78 97 54 37
2 39 24 27 53 27 59 1 73 56
75 27 32 63 30 57 52 54 69 48
49 59 99 45 18 96 17 98 15 55
70 49 77 94 30 70 49 90 34 64
24 47 83 20 55 58 99 70 32 47
88 21 5 34 42 48 23 9 7 62
7 12 14 61 29 63 46 27 55 22
64 13 41 91 100 63 96 22 65 49
11 32 58 37 67 86 47 52 39 61
82 24 78 29 78 68 73 25 1 88
42 37 51 41 14 100 6 52 88 1
57 58 68 77 37 50 5 74 60 34
24 17 82 21 98 87 11 77 43 33
32 1 55 100 48 16 62 57 83 85
64 88 77 95 78 39 53 1 16 64
49 45 52 68 65 6 93 99 54 3
50 2 21 86 31 3 95 39 7 72
55 40 84 57 40 98 91 76 51 56
62 21 44 75 96 88 60 32 95 62
87 89 83 39 45 91 44 63 82 15
75 59 48 77 87 16 41 78 40 80
64 61 27 21 14 45 38 31 41 77
96 20 17 55 26 85 63 61 81 47
31 56 19 39 83 74 70 93 47 76
68 35 3 35 96 87 63 19 14 44
26 81 45 58 74 60 98 90 22 38
33 25 8 11 67 71 86 77 87 38
10 49 88 4 84 75 73 54 54 40
65 9 10 14 61 25 44 7 23 8
90 84 21 44 60 13 98 2 27 80
80 58 14 74 59 37 66 96 6 54
53 2 32 7 6 72 73 74 24 57
22 20 10 33 37 26 69 60 42 44
85 32 32 71 36 82 94 8 23 91
51 30 8 31 65 10 28 89 84 34
96 77 34 80 86 58 20 94 45 11
4 84 35 65 40 87 42 19 92 71
39 15 53 75 43 4 59 97 90 85
62 99 38 11 56 87 88 75 50 24
30 21 10 3 61 51 20 16 1 24
90 44 27 100 56 90 79 87 17 95
31 27 55 52 47 71 10 85 85 64
67 18 39 84 85 37 95 78 37 100
27 42 46 24 76 87 35 79 86 98
37 42 68 26 30 7 94 66 42 79
99 19 22 6 15 14 54 52 80 58
52 66 46 50 46 16 17 91 58 54
52 100 23 81 69 53 39 75 7 36
34 89 93 20 45 68 16 48 59 47
60 57 5 10 87 25 28 95 18 82
66 76 85 8 22 73 54 80 9 64
72 34 48 17 74 32 42 87 27 69
16 81 90 46 13 4 99 16 47 88
6 1 85 19 30 36 86 41 25 50
55 92 60 12 97 44 26 31 15 24
93 60 86 29 80 85 100 24 91 61
49 88 13 94 57 55 22 56 57 33
13 66 21 33 86 47 37 55 65 47
10 17 82 80 72 61 52 26 49 9
1 12 76 85 38 71 99 68 57 90
85 13 54 11 49 87 83 86 83 85
27 44 88 4 66 66 51 41 31 44
78 43 85 100 1 24 50 97 88 91
87 22 56 78 92 89 61 72 10 12
53 90 69 13 20 79 35 61 12 57
59 87 45 60 37 13 83 94 5 98
71 69 49 38 60 97 2 91 80 44
79 46 39 42 4 99 9 61 32 60
41 77 36 65 73 73 24 8 43 35
89 99 93 47 4 91 76 80 45 91
69 41 7 62 95 56 59 49 35 97
9 95 14 24 75 44 5 35 61 37
73 73 86 86 63 81 21 88 84 63
40 60 93 50 2 35 59 34 53 84
30 87 19 30 23 78 1 84 77 18
96 15 67 78 81 92 32 77 62 9
2 30 66 10 12 5 57 9 95 35
9 100 68 34 20 90 26 11 55 91
26 20 28 94 76 49 68 4 5 53
15 40 45 51 89 58 96 99 89 98
61 78 85 89 92 19 15 15 21 31
40 95 14 93 51 75 88 27 3 6
74 29 38 39 17 44 11 25 63 34
84 100 100 57 28 88 57 2 9 31
44 67 78 57 81 6 18 40 33 24
73 35 74 34 30 29 20 75 49 45
43 90 84 44 61 92 58 54 1 43
96 59 96 70 2 100 23 20 33 10
15 85 87 66 72 50 31 7 89 62
32 16 74 12 86 65 43 1 79 62
44 58 69 34 88 42 70 59 94 98
68 30 66 74 95 29 69 69 46 88
58 26 28 59 8 36 71 94 58 96
3 28 7 90 54 63 21 87 1 66
33 34 3 72 29 81 40 39 42 85
89 62 43 52 98 15 60 32 61 78
30 3 16 58 56 12 71 97 81 92
39 51 19 12 95 73 61 58 18 61
94 5 58 93 55 78 69 63 65 67
96 32 7 13 52 20 80 48 22 37
65 27 43 76 43 85 69 89 66 77
81 92 42 85 33 25 39 15 33 58
74 6 38 1 11 53 7 46 79 27
96 56 29 78 98 83 18 84 32 82
47 17 51 76 29 95 98 24 32 85
78 3 65 27 1 63 99 79 67 51
92 58 8 55 65 96 55 82 98 45
16 24 90 70 65 40 50 6 89 43
54 87 34 39 85 66 3 45 61 4
65 86 39 26 59 36 96 75 94 49
39 69 47 32 69 78 51 52 17 2
67 11 16 90 53 60 15 84 47 66
37 40 67 9 93 22 19 6 5 59
12 60 70 4 32 24 76 93 12 8
40 16 15 45 59 43 6 62 58 65
25 16 58 73 73 83 78 90 40 4
83 69 37 44 96 47 79 5 73 59
55 44 36 97 62 91 14 24 12 2
56 31 46 42 18 58 56 100 87 4
89 51 100 52 66 61 31 80 36 74
81 22 32 72 63 94 30 89 93 99
87 96 30 85 91 76 62 42 14 33
33 66 11 26 8 65 28 13 44 23
60 54 78 68 9 42 78 69 5 59
95 14 21 36 42 85 89 73 9 12
54 4 15 33 10 70 66 76 73 65
38 18 6 52 32 76 60 24 23 36
39 21 47 14 77 29 89 33 26 88
91 64 100 86 17 66 64 12 84 89
87 8 57 33 47 45 57 10 90 24
29 22 69 26 64 79 21 66 15 97
70 69 24 3 22 25 29 6 58 21
3 3 25 34 7 95 10 81 94 22
77 16 56 57 67 26 38 96 66 16
53 52 28 77 100 64 98 90 92 74
41 80 93 88 82 41 12 45 49 18
15 90 42 7 45 83 9 64 46 41
57 40 87 51 20 29 4 58 90 45
72 93 19 90 73 84 73 66 91 22
32 79 55 76 43 20 8 95 79 81
90 4 63 37 46 18 90 75 59 44
59 50 51 45 58 98 68 37 54 34
59 65 56 37 67 13 96 4 32 1
87 66 58 22 9 8 16 67 29 87
94 29 89 80 54 38 24 46 77 45
55 45 58 48 97 19 3 9 21 74
15 13 18 8 10 50 22 49 80 46
33 82 34 86 48 79 92 13 38 47
73 41 48 74 6 35 65 43 17 89
7 71 23 54 3 96 90 49 13 71
85 5 80 68 22 2 73 30 34 63
69 91 31 94 31 100 73 62 6 75
99 48 10 44 76 3 22 27 65 4
72 39 29 93 33 13 59 52 69 52
3 89 36 66 75 37 43 65 90 43
10 10 32 38 73 66 55 50 21 45
84 60 97 40 78 70 72 42 76 94
52 30 95 71 49 16 50 23 4 52
70 100 58 81 65 78 69 68 37 89
63 8 66 94 45 76 7 59 47 55
21 92 95 58 32 69 66 12 26 98
75 86 64 20 87 92 26 89 71 99
51 28 99 78 10 2 5 81 61 10
53 75 83 62 20 12 24 49 83 55
20 11 50 70 36 39 82 78 51 51
48 15 66 29 67 29 37 15 2 65
50 95 42 18 32 43 96 52 72 32
36 6 43 36 67 36 67 46 89 84
36 88 81 87 95 67 15 94 46 39
23 77 59 25 45 85 88 99 79 46
86 70 43 34 79 30 48 26 84 13
63 74 22 81 12 38 31 20 46 24
3 24 66 1 92 99 27 88 12 35
65 13 34 47 65 94 81 6 61 94
7 54 27 67 97 96 12 4 8 82
96 77 54 51 14 72 34 67 69 91
29 46 73 3 10 1 85 28 96 43
7 42 35 4 70 92 30 52 75 22
80 100 26 36 61 50 43 20 42 27
73 83 65 91 51 91 30 76 22 92
14 7 39 68 38 30 60 69 23 97
37 38 33 35 48 45 61 41 39 33
62 43 83 71 19 88 10 3 58 98
69 10 46 10 94 50 94 54 86 24
96 22 23 44 17 51 72 75 59 95
57 54 64 90 49 3 56 34 81 65
47 75 48 47 16 87 59 51 36 19
26 13 87 96 15 41 6 29 81 9
35 34 90 97 13 19 100 10 22 59
96 72 11 18 98 12 92 94 60 43
30 62 35 87 87 23 46 22 81 2
23 65 79 36 74 85 54 58 48 83
91 88 94 92 25 97 85 84 32 45
76 71 79 26 67 70 95 27 21 84
38 19 39 24 61 84 14 25 30 23
20 58 30 47 57 89 41 14 37 67
60 57 74 25 51 90 10 72 94 65
62 67 24 33 10 3 10 28 32 93
19 68 11 49 94 79 64 65 39 100
5 62 63 35 75 48 28 23 58 16
65 55 76 11 93 13 28 39 27 75
45 58 3 48 61 81 43 95 73 44
93 44 47 72 18 71 44 66 87 68
1 100 9 40 50 42 91 79 95 7
26 8 66 17 54 20 61 69 86 43
31 62 74 42 38 26 40 71 98 43
99 47 37 80 9 74 71 87 64 71
44 56 92 25 30 68 51 55 81 10
48 6 2 93 63 72 8 35 56 13
50 59 61 92 23 75 6 26 72 7
94 29 90 74 69 1 43 100 20 87
26 6 63 25 29 99 4 92 100 63
5 23 69 16 45 5 30 3 6 19
100 58 55 13 100 78 72 86 59 11
98 77 13 4 94 44 12 4 72 70
54 32 62 77 71 67 75 33 45 35
14 87 9 79 96 35 92 28 23 17
81 49 24 11 73 73 74 85 15 87
71 29 21 50 86 29 29 72 33 79
80 85 84 61 84 1 53 22 56 65
13 55 89 80 52 19 86 93 74 39
2 15 51 24 94 58 99 69 13 79
83 33 18 8 3 79 81 83 81 9
5 76 92 58 85 83 95 14 29 83
98 97 93 82 60 43 73 11 78 94
54 23 24 27 77 43 95 17 2 74
12 44 46 85 74 67 77 61 85 66
59 38 99 89 41 89 12 32 45 79
86 16 34 63 70 17 3 63 53 51
82 1 40 31 76 63 80 22 71 89
65 94 14 5 24 59 46 39 82 45
98 70 18 90 95 33 48 88 85 62
94 45 16 76 29 91 6 70 99 4
5 80 6 83 46 78 80 62 85 62
31 16 57 87 75 66 80 21 31 88
98 62 40 52 2 33 46 50 13 20
71 2 94 76 44 32 70 16 27 88
65 64 47 63 38 2 67 67 96 77
85 82 68 47 21 56 5 93 21 50
4 67 1 100 9 64 45 19 47 91
1 4 12 98 24 14 43 55 30 92
3 38 50 35 67 18 9 27 60 44
31 88 21 22 100 95 78 23 97 96
85 55 49 29 72 68 47 51 60 87
84 47 27 89 41 17 23 79 73 10
85 56 6 79 63 91 38 39 9 87
25 8 70 40 4 34 49 46 26 92
7 86 2 95 97 38 76 34 68 44
56 29 30 18 65 42 30 39 38 100
44 39 29 39 22 73 75 58 54 23
30 87 86 66 10 35 12 22 27 88
2 67 85 25 44 93 76 13 98 79
87 60 33 28 48 77 68 29 63 57
97 86 68 44 72 68 11 7 25 37
1 53 83 6 1 14 69 13 36 86
17 88 70 23 36 11 55 9 52 91
10 79 87 10 80 79 21 88 38 17
57 93 38 85 46 99 10 74 65 81
82 70 34 43 31 61 49 21 66 43
59 56 60 58 66 87 59 92 7 28
22 94 41 94 41 53 43 77 71 50
47 14 24 79 39 89 67 79 52 58
83 47 75 49 60 35 66 74 96 68
81 70 98 66 77 42 29 92 9 97
94 93 60 99 6 47 41 24 29 4
90 10 60 22 59 69 69 10 93 62
56 96 56 82 23 62 26 68 11 91
57 94 76 17 72 84 84 62 61 16
70 100 70 88 91 92 53 61 9 7
32 80 68 30 20 44 31 43 23 84
94 92 89 71 55 83 93 84 42 32
61 42 97 12 86 2 25 27 7 11
29 77 79 14 51 52 68 95 4 54
12 67 5 26 42 3 89 10 20 20
19 67 83 50 66 29 76 46 5 84
37 68 97 17 1 61 57 81 62 15
71 1 14 60 47 68 52 71 63 11
8 79 74 99 33 52 87 78 89 19
38 76 97 84 24 17 14 97 44 94
20 24 35 58 11 4 74 19 48 19
19 46 63 3 64 14 68 34 67 34
94 68 77 67 93 90 98 33 94 77
71 78 23 10 19 91 63 92 96 11
66 40 14 15 62 93 56 17 26 97
65 66 100 53 43 90 3 91 62 82
5 61 22 3 52 81 43 11 43 49
3 38 91 77 97 61 98 53 58 19
70 23 86 1 12 39 62 92 35 83
98 69 60 61 47 24 46 37 23 58
4 36 21 17 24 66 14 7 49 46
83 50 62 61 88 15 3 16 29 1
7 100 52 26 2 15 39 4 89 79
93 97 64 82 89 61 74 85 45 17
73 83 27 96 62 42 18 45 14 39
99 21 48 85 73 92 9 81 24 68
21 30 57 51 21 34 58 95 74 39
52 78 28 31 80 62 48 19 81 38
85 96 3 51 29 87 82 4 30 69
90 74 71 90 63 54 93 45 22 78
22 74 64 7 16 51 60 58 67 33
17 9 1 2 87 28 18 77 67 22
38 84 25 14 21 9 98 25 78 69
69 67 49 1 80 94 53 58 70 16
3 97 19 33 71 11 75 98 55 97
99 77 15 99 95 40 86 94 22 76
44 98 59 94 7 58 3 53 65 11
85 23 81 14 71 66 27 64 62 6
61 30 73 39 59 56 34 16 27 30
5 40 43 15 26 74 91 97 91 10
2 16 58 85 84 16 3 78 49 56
29 18 62 93 83 16 14 88 71 89
88 35 11 19 49 72 6 35 75 83
43 13 93 70 54 14 6 27 85 26
21 23 80 65 49 61 6 79 28 70
73 90 54 38 94 68 20 95 87 75
83 34 99 63 3 17 8 45 19 53
36 40 99 64 9 9 52 10 30 4
38 89 16 63 36 75 20 97 90 17
92 46 78 77 73 81 38 39 11 67
75 96 59 38 19 84 89 39 43 88
86 46 73 45 82 9 82 22 21 96
77 30 75 56 76 29 12 82 60 59
19 89 28 91 5 73 19 56 89 92
72 9 27 37 88 73 82 68 14 42
65 92 26 63 53 1 95 9 69 94
32 86 81 28 82 75 60 91 91 18
11 89 14 76 12 8 21 94 97 13
84 66 57 26 71 91 55 25 15 67
17 86 88 70 5 20 60 71 55 27
57 90 58 16 52 27 31 33 75 83
55 77 64 89 65 56 21 64 2 99
71 41 71 32 27 91 39 60 8 7
7 19 69 14 19 4 77 1 43 4
27 77 24 6 52 3 67 83 77 59
11 25 70 47 52 92 34 68 76 62
12 48 73 47 36 22 92 60 23 36
48 28 55 88 34 29 12 44 26 9
70 62 16 72 34 77 62 24 23 96
93 47 51 70 46 2 74 29 15 4
15 91 76 46 2 59 24 64 28 70
88 13 20 71 27 28 63 42 89 15
8 9 8 57 65 41 60 75 83 51
38 39 53 90 9 84 53 35 11 36
95 64 10 51 31 29 6 85 30 21
44 46 98 61 62 92 55 38 29 73
46 46 9 47 12 91 22 22 43 60
87 35 28 58 6 89 99 75 66 44
95 50 8 72 14 44 30 73 5 88
11 59 57 80 89 3 72 82 51 91
92 3 42 85 93 87 23 55 52 28
2 44 48 26 21 31 37 16 53 28
33 28 90 19 70 22 95 26 75 5
86 98 57 5 8 45 75 65 38 16
14 86 43 22 76 44 78 84 73 69
97 5 59 98 95 50 78 61 61 42
99 96 91 70 21 55 33 38 54 86
85 79 95 63 27 92 52 51 71 67
55 12 38 12 4 55 28 81 8 47
32 80 67 58 45 26 93 85 72 98
24 53 4 27 100 36 7 52 53 30
34 81 54 82 69 78 14 8 32 8
