500 10 2
250 250
52 37 58 38 55 77 44 16 11 4
83 98 73 54 14 42 3 83 26 81
20 78 72 77 56 38 75 85 34 27
21 57 54 55 41 64 10 36 14 44
89 51 58 61 25 44 75 81 17 55
6 66 41 9 1 89 65 43 68 2
34 5 53 97 61 6 39 1 46 68
76 6 83 65 50 10 63 35 12 21
50 73 75 65 54 28 14 7 2 65
36 1 39 42 44 52 42 43 28 93
56 55 33 43 40 14 14 48 49 76
44 81 13 13 85 90 5 85 35 5
34 75 58 9 11 36 48 94 48 46
79 69 92 29 43 56 77 48 49 92
71 72 75 41 52 27 79 63 58 88
68 33 9 58 56 22 45 35 37 96
28 84 65 47 86 49 72 90 2 17
9 35 69 26 63 81 77 16 16 32
22 100 61 8 84 34 25 78 8 89
77 86 65 87 87 67 87 14 72 43
62 99 36 34 74 4 2 46 12 19
1 16 7 60 99 43 85 8 69 55
95 26 19 24 43 57 24 44 34 89
94 1 7 69 19 22 92 22 38 39
70 32 57 74 99 30 25 86 87 45
81 2 16 55 35 7 30 94 13 55
41 71 9 97 89 80 78 47 91 63
1 32 54 47 11 100 71 59 84 100
21 64 36 82 7 91 56 96 95 52
51 39 17 67 72 94 77 75 71 33
32 12 70 13 83 26 11 37 4 89
83 53 10 66 11 50 65 7 55 71
46 19 22 31 8 3 98 98 10 24
30 68 13 26 61 46 46 85 66 28
48 64 96 46 21 80 30 57 7 12
42 5 93 23 49 22 60 57 68 90
55 85 18 18 41 16 34 67 71 19
7 79 96 84 71 55 49 38 41 68
56 53 89 72 36 58 73 34 14 15
61 85 13 88 14 63 33 67 34 95
32 37 84 56 91 70 79 6 27 74
6 17 51 37 80 73 79 43 54 30
22 59 9 19 30 49 20 59 36 77
53 75 73 37 75 3 53 63 83 72
54 43 26 81 83 89 84 88 67 100
98 45 87 70 76 56 47 3 96 29
74 15 13 44 59 90 28 84 33 43
28 91 53 76 85 80 56 25 55 59
53 57 11 43 29 61 66 24 68 69
18 70 25 18 81 21 49 65 27 57
97 74 57 19 56 50 23 2 69 54
58 87 82 81 76 95 81 39 52 72
51 32 64 98 14 99 6 23 2 67
79 60 21 75 62 99 7 87 30 51
29 5 16 63 6 32 56 90 99 85
33 59 36 55 18 3 39 92 79 5
99 3 33 39 27 14 45 55 98 76
69 27 87 79 84 23 22 41 19 63
8 61 12 59 81 17 7 42 17 9
21 27 97 79 15 83 36 31 11 21
23 26 23 22 95 25 51 24 40 15
93 53 69 45 4 99 36 74 62 48
57 37 93 43 100 14 100 100 44 82
93 80 63 34 62 46 94 43 63 48
62 70 42 82 66 88 66 14 38 40
94 71 60 45 36 20 67 82 93 6
30 9 85 42 89 86 45 79 24 9
70 30 5 82 71 66 27 97 53 37
29 5 12 39 37 28 32 74 29 81
51 46 81 37 21 39 99 85 37 41
55 27 4 9 32 68 48 41 64 44
95 4 100 68 49 42 62 69 87 40
48 25 21 39 48 90 59 46 71 89
55 100 56 7 76 13 21 93 62 23
37 95 8 92 63 95 26 54 41 30
47 61 90 59 2 42 27 43 3 29
49 97 43 91 72 64 2 53 49 94
98 89 52 73 22 73 44 11 33 59
12 63 35 1 23 5 41 52 59 88
46 17 48 36 64 66 38 49 51 60
9 43 41 80 69 39 35 7 3 6
37 22 65 53 9 92 46 27 41 15
62 31 39 99 83 93 25 73 14 96
18 30 45 20 99 37 50 99 97 43
79 75 18 74 94 78 52 94 41 23
5 79 82 10 80 45 32 59 18 54
43 1 27 11 18 20 62 55 24 36
12 59 59 75 27 23 66 2 85 89
46 43 3 56 77 45 37 54 17 6
97 69 41 23 52 97 94 85 75 63
76 71 70 18 72 13 69 95 21 87
99 94 56 33 55 20 16 3 88 26
5 81 72 49 3 12 69 65 54 54
39 34 66 45 6 54 12 59 12 93
93 33 21 5 51 97 53 25 10 99
92 58 49 33 26 67 39 59 28 20
39 48 45 12 71 24 73 84 77 80
21 88 59 41 98 60 46 97 98 47
67 12 76 66 39 61 70 43 36 74
52 80 7 70 20 74 49 37 56 38
45 98 15 27 11 4 14 31 64 63
62 54 69 31 62 35 87 86 6 63
41 85 65 76 25 39 7 4 32 27
95 20 62 84 54 75 55 21 18 40
44 39 85 1 78 28 100 87 30 51
26 37 73 69 38 79 80 43 68 6
43 42 47 94 68 60 44 78 32 31
94 97 59 51 83 48 62 50 46 78
70 45 35 66 59 99 62 59 20 17
10 31 37 36 61 92 38 42 75 45
66 88 44 71 70 96 93 2 53 44
48 24 23 51 95 48 90 26 53 54
16 50 39 36 66 7 89 48 51 97
75 67 40 38 2 76 5 63 33 89
23 98 66 45 5 16 98 100 11 74
70 82 49 16 35 64 72 51 12 60
87 30 97 51 90 41 67 88 54 73
97 47 90 11 16 36 39 56 59 9
30 74 69 64 28 25 59 52 6 48
98 72 45 98 25 82 26 10 67 87
100 46 68 42 45 95 38 66 88 76
41 8 50 8 75 80 21 6 74 58
64 66 82 84 90 41 11 15 87 69
49 21 67 95 54 16 7 86 89 1
8 18 99 73 35 93 80 44 25 9
4 23 57 99 70 86 17 45 32 82
7 49 85 98 95 42 61 54 3 97
58 48 37 34 52 53 91 78 72 11
53 39 5 49 3 21 73 21 54 30
71 33 16 100 13 2 45 60 76 76
69 85 15 28 94 89 77 16 77 70
79 3 44 6 75 5 41 71 59 64
74 59 33 99 61 27 95 31 22 43
85 58 83 48 74 73 18 80 35 26
40 91 47 63 4 7 73 62 74 60
38 35 44 76 69 76 56 59 11 67
26 95 12 79 17 43 89 50 21 84
12 41 78 48 38 33 71 32 79 45
38 3 62 33 93 62 42 42 52 35
61 62 26 46 84 81 15 33 68 5
72 36 93 42 21 41 54 55 100 93
67 14 87 80 58 95 6 29 10 93
38 19 10 58 66 2 23 71 97 58
23 36 5 25 59 80 45 84 85 5
77 76 7 78 16 14 86 79 47 23
31 3 59 40 46 24 88 3 57 37
93 29 31 91 47 17 4 50 6 60
88 39 60 25 96 15 98 84 17 77
99 66 99 15 70 55 66 27 79 21
63 92 88 51 33 89 80 2 87 97
97 97 82 79 40 44 9 38 55 56
38 48 37 14 2 53 3 37 93 15
56 75 32 42 10 64 45 66 21 74
98 33 40 70 74 7 31 29 74 71
45 38 84 75 20 44 8 58 69 95
4 41 57 75 56 81 28 17 10 50
28 21 57 93 91 27 5 2 79 19
77 56 80 68 94 53 14 64 70 53
78 3 1 96 74 87 46 8 83 62
57 56 34 55 35 8 75 39 32 88
7 80 89 89 70 19 88 95 35 50
63 27 88 76 93 82 1 27 73 75
44 76 2 5 4 58 1 7 50 82
20 14 75 8 18 67 86 31 80 72
16 9 41 51 76 48 6 96 8 78
26 51 83 4 59 77 16 55 88 37
89 32 68 57 66 58 87 79 52 72
99 64 6 60 19 16 40 95 27 51
48 32 11 18 82 30 91 81 68 15
98 19 94 96 61 51 5 2 36 8
65 18 53 54 86 50 87 91 17 69
57 14 76 57 60 91 60 75 68 46
11 70 14 22 24 63 41 37 92 2
49 59 32 62 4 31 18 86 37 16
32 64 4 73 3 91 73 60 29 12
71 54 8 69 54 58 65 80 9 46
69 24 9 24 39 48 75 25 9 100
26 10 74 5 93 25 73 55 81 59
73 20 1 77 12 48 37 13 8 52
48 98 5 59 70 55 42 26 85 69
10 33 61 13 90 62 2 98 61 2
41 61 50 43 27 53 75 29 81 95
60 74 72 34 14 84 65 74 83 39
95 82 33 45 3 45 8 88 25 82
3 78 45 96 20 97 54 86 81 45
24 10 83 76 1 66 90 38 32 5
32 27 99 81 98 51 2 95 88 86
57 4 41 16 62 95 6 82 13 60
3 85 71 58 50 3 60 55 69 32
65 29 55 63 22 8 2 87 61 35
89 96 9 15 4 58 5 59 63 32
81 96 85 75 65 65 36 19 4 20
23 69 91 65 2 8 54 1 11 89
11 54 73 9 41 3 8 89 18 53
90 81 26 14 46 66 80 27 20 28
65 57 68 10 76 77 26 97 7 66
83 7 26 24 26 7 29 40 80 12
93 23 57 66 72 38 18 67 48 87
27 32 29 100 3 47 47 7 25 44
91 98 11 44 56 87 1 29 44 41
8 34 8 44 54 38 93 14 98 89
100 38 86 100 36 97 78 9 51 28
6 77 23 5 93 12 83 65 98 54
72 60 23 89 96 84 78 15 31 57
34 17 40 44 14 79 100 11 75 93
26 28 78 95 56 78 26 21 6 2
56 23 45 2 92 75 28 1 32 48
40 25 27 12 41 92 30 12 63 49
30 16 8 14 71 52 36 65 26 89
52 22 79 73 8 67 48 26 35 61
54 20 53 12 70 36 65 66 85 96
66 19 64 1 57 47 71 61 82 90
75 80 4 20 83 3 98 12 42 100
44 83 74 60 75 76 99 93 10 49
27 54 49 2 48 73 8 95 94 33
91 78 86 62 68 73 67 61 66 45
16 1 45 4 89 98 2 80 79 11
81 47 83 40 79 61 95 96 52 15
72 31 69 24 2 94 48 78 16 64
4 40 5 15 76 78 71 27 65 68
8 35 86 39 71 64 94 65 71 25
33 61 73 52 85 71 10 39 60 16
15 28 14 76 65 85 47 91 93 2
94 59 55 53 57 52 35 44 78 46
31 85 81 12 38 40 56 21 95 98
65 34 5 42 92 5 18 96 72 6
85 60 15 73 7 44 98 62 5 83
66 73 87 77 61 33 55 13 48 70
99 70 26 66 52 48 38 41 35 97
36 34 11 65 67 74 62 52 53 16
82 70 61 58 93 9 52 52 41 23
6 68 23 43 95 65 44 63 97 75
34 42 86 23 74 80 45 42 29 83
7 89 49 7 86 84 60 47 50 70
69 41 17 3 43 98 16 67 18 14
16 20 2 56 47 82 47 60 66 74
64 30 100 50 4 61 63 58 93 98
92 89 99 62 80 10 58 52 65 77
2 2 37 72 53 29 59 21 24 75
67 2 23 21 80 70 26 40 3 89
56 15 11 70 53 41 20 4 54 13
5 85 92 91 1 3 99 33 44 24
100 52 18 42 49 93 72 42 52 96
39 90 59 25 16 15 100 48 14 45
6 70 70 2 46 27 92 76 52 64
96 37 75 48 67 64 75 89 72 33
95 49 70 9 72 82 90 72 79 50
50 14 91 3 74 20 13 70 95 86
49 7 93 92 83 47 9 93 61 85
71 60 72 42 39 80 65 54 17 68
34 24 3 32 37 19 46 4 73 62
83 26 6 34 42 50 48 74 79 25
43 33 100 88 72 14 28 2 68 19
41 63 85 85 44 86 88 11 87 3
16 17 30 77 91 15 39 66 59 49
67 80 25 41 100 58 35 7 87 43
60 100 36 33 19 47 71 94 6 49
54 85 37 32 47 24 25 64 63 89
76 51 66 70 79 67 22 33 65 85
78 66 86 19 12 75 3 4 62 86
82 86 71 4 58 31 45 98 9 7
88 73 62 16 34 97 79 43 45 77
66 93 57 85 93 77 42 43 29 37
58 18 89 94 57 82 77 23 20 40
74 69 23 31 32 55 95 76 61 24
21 53 98 30 63 40 90 56 14 96
81 52 65 100 44 32 91 29 42 97
65 92 59 98 81 94 33 3 49 80
99 65 49 47 70 51 53 4 43 54
10 86 24 31 89 61 7 23 93 74
46 30 9 13 9 4 62 10 52 89
20 13 19 13 73 24 41 94 44 9
83 33 6 64 22 19 90 31 2 71
32 30 51 33 77 20 1 24 75 64
40 27 22 10 27 36 95 94 63 31
89 97 47 7 1 8 77 33 60 53
56 94 60 83 37 11 77 53 98 20
73 16 69 42 54 53 66 68 33 19
37 46 79 4 42 37 70 80 100 91
33 11 74 86 72 3 73 52 11 67
21 91 21 78 12 12 16 22 1 86
80 37 99 37 63 58 30 71 40 11
100 73 12 98 32 5 90 82 15 43
14 47 52 18 84 99 41 38 54 65
23 5 10 9 30 40 2 11 46 91
91 2 99 2 25 94 95 80 67 95
29 8 15 48 62 30 41 93 64 44
24 99 82 3 94 98 94 81 38 88
30 96 89 61 76 55 9 79 64 52
28 90 39 73 21 61 56 99 30 74
74 91 91 25 47 72 48 66 94 58
100 69 98 7 33 54 33 92 10 66
43 28 22 2 1 52 35 6 55 52
6 30 29 28 44 82 83 85 1 1
61 35 20 91 26 97 34 91 85 15
18 61 37 76 11 84 97 68 86 44
92 19 37 19 55 57 37 15 63 3
97 66 62 73 90 75 63 43 17 29
79 53 21 46 68 28 74 78 63 86
95 19 42 96 15 80 79 35 62 72
96 92 13 75 36 81 32 81 70 10
53 3 32 68 85 93 23 22 44 95
30 77 61 26 71 42 98 85 78 87
37 28 88 74 1 93 52 94 100 85
85 51 3 86 2 89 62 91 22 58
67 33 5 13 71 100 9 89 73 3
61 59 26 31 21 1 70 60 100 72
1 85 10 43 3 68 76 67 17 12
11 88 82 14 61 74 40 31 57 93
49 96 72 81 86 71 61 51 69 42
95 27 46 23 24 33 63 61 87 62
85 94 85 25 34 42 65 93 71 5
9 94 68 35 20 70 28 84 92 56
19 6 17 77 26 46 23 29 94 35
57 50 54 48 29 80 4 96 22 18
41 70 2 12 49 49 31 42 15 67
70 46 53 20 67 21 8 77 81 93
62 67 62 54 66 94 93 21 70 40
53 98 15 28 95 64 51 88 29 65
78 28 9 26 92 79 55 40 62 25
41 81 66 31 25 1 52 21 80 63
92 62 85 2 80 50 67 5 61 22
40 26 61 58 83 72 33 54 11 24
11 6 25 91 37 96 30 11 85 72
69 75 16 34 82 57 9 14 45 96
12 56 18 25 85 29 63 55 81 66
17 27 99 4 76 45 69 63 68 97
61 52 61 18 12 3 87 10 48 75
53 98 23 76 3 98 48 12 72 92
87 89 70 38 1 43 21 94 71 21
97 3 5 61 47 6 31 99 98 18
28 54 91 86 62 17 99 63 35 29
66 15 21 72 68 87 36 93 56 50
43 24 40 61 100 60 2 92 89 80
61 66 97 51 31 93 35 56 74 85
67 21 44 74 73 93 15 69 26 97
61 34 77 4 97 73 46 45 5 77
75 85 1 99 89 92 48 78 4 34
97 80 67 47 77 58 65 29 64 98
62 26 43 64 90 95 89 20 38 68
84 51 86 32 62 91 7 88 66 16
27 95 83 27 51 6 68 45 7 62
70 81 10 56 90 54 71 95 24 93
70 63 86 47 84 20 82 35 34 29
40 19 20 61 78 19 52 83 33 74
62 97 79 24 32 71 69 48 61 45
87 53 70 8 72 35 83 75 94 54
73 1 50 73 48 19 62 32 56 21
5 44 43 19 41 52 35 92 34 69
53 36 57 14 51 11 35 25 52 10
45 40 5 23 32 13 41 46 75 18
75 20 73 39 36 65 37 67 48 30
64 6 24 39 52 48 97 17 44 10
53 9 44 23 80 16 26 5 35 48
77 28 37 55 32 74 46 23 47 21
17 63 28 12 83 65 91 21 61 47
19 22 2 46 36 55 24 93 53 73
32 32 19 59 7 29 71 71 65 59
32 20 34 41 76 40 51 40 86 52
3 50 18 22 44 17 2 25 80 73
16 36 96 99 55 18 26 37 75 55
74 66 45 49 84 14 46 92 62 19
61 89 41 94 61 7 72 5 75 100
67 25 27 77 64 62 65 26 85 72
60 81 57 39 65 22 18 85 9 3
91 9 93 26 34 74 76 49 53 70
95 90 71 28 55 32 87 91 12 31
12 37 32 79 55 78 59 64 55 85
28 44 7 35 76 29 86 43 66 55
90 55 77 33 50 70 3 14 96 81
20 58 94 2 65 29 31 9 66 7
5 84 47 52 49 12 15 98 75 76
1 54 6 30 13 12 76 57 11 49
91 47 78 76 19 69 8 60 67 35
9 21 19 9 6 85 31 57 42 47
15 53 46 6 50 54 89 95 98 54
79 47 54 41 72 97 41 71 23 73
90 13 27 62 60 8 78 2 67 20
56 15 29 67 97 40 35 56 38 97
22 56 20 90 93 97 32 94 80 96
35 90 13 53 38 51 10 19 35 66
23 36 91 96 59 60 55 13 93 57
10 71 29 74 33 56 4 1 19 47
33 30 20 27 7 44 24 76 84 78
31 76 97 14 9 98 94 82 21 100
60 1 70 20 12 51 8 55 62 81
23 14 21 32 7 93 100 1 41 15
89 48 22 22 20 34 13 27 29 76
11 99 84 20 23 39 33 4 49 100
36 32 95 24 57 30 15 11 95 44
52 95 90 68 97 62 83 88 90 94
43 85 9 74 60 21 59 75 14 92
26 97 28 53 1 3 37 44 4 73
19 96 91 59 18 35 49 30 92 27
78 46 3 91 27 9 90 98 26 21
45 2 48 63 39 22 1 12 59 32
65 5 91 8 47 76 86 5 58 64
39 51 58 27 100 70 7 99 60 73
29 28 26 66 71 72 58 83 49 22
67 59 22 72 21 11 72 63 43 25
8 61 15 9 69 61 98 80 37 60
58 54 53 43 26 5 14 14 78 74
29 9 19 2 62 100 31 87 20 39
49 80 20 56 25 33 51 57 20 68
98 63 1 24 8 74 67 91 19 96
36 61 3 75 77 63 99 22 98 75
2 100 69 76 22 30 53 93 9 42
51 5 28 99 95 56 7 81 42 40
22 53 76 15 94 91 31 21 51 55
29 91 78 20 4 42 34 34 27 83
8 25 67 46 27 60 22 49 57 86
45 26 53 95 41 100 87 68 35 4
47 97 55 80 62 82 35 59 80 52
33 18 87 71 95 15 65 54 44 87
87 18 40 23 66 69 88 95 60 54
81 84 64 49 55 92 59 24 3 10
30 71 34 77 1 14 89 14 34 39
39 35 96 70 42 70 88 58 26 38
38 55 90 100 77 66 97 80 27 20
2 62 60 94 26 48 89 92 40 54
17 85 61 43 19 96 30 62 91 92
83 93 69 77 27 4 48 30 14 28
57 80 5 68 42 67 15 19 62 98
1 23 80 61 21 89 34 18 86 66
100 94 94 43 34 99 49 36 28 49
99 97 91 74 18 94 59 31 21 77
24 70 49 61 93 43 98 38 77 70
56 62 15 45 19 15 70 67 71 17
91 76 24 5 50 89 49 74 38 6
3 44 10 95 60 75 74 51 69 33
96 61 36 6 59 79 78 16 26 17
58 73 93 65 88 22 98 3 9 86
21 93 10 32 54 41 17 72 60 14
75 5 18 61 83 26 60 99 21 5
43 18 45 81 51 39 90 1 28 86
36 59 47 6 64 23 81 20 43 19
2 51 95 13 52 20 54 32 49 16
16 90 59 41 78 44 52 91 22 21
68 26 46 97 67 24 57 77 20 65
50 26 81 83 63 4 8 6 68 61
83 23 63 42 34 59 84 84 85 7
91 69 22 83 7 35 85 74 83 63
53 41 26 59 56 71 97 3 45 65
88 40 2 81 35 41 7 65 63 66
97 12 66 34 25 66 33 15 18 32
85 14 72 79 39 70 34 77 60 21
48 16 40 79 99 41 42 44 75 14
5 44 76 48 48 38 31 31 19 93
87 58 37 12 79 30 64 57 62 47
41 1 18 62 45 83 24 83 23 82
97 100 38 34 59 71 69 82 25 11
78 61 30 44 47 88 95 52 43 53
48 25 68 72 4 28 82 99 11 84
58 75 20 46 87 12 61 73 10 22
54 66 25 8 36 1 78 62 10 15
64 32 6 88 38 41 43 28 75 74
25 11 10 75 39 29 78 32 38 30
48 69 88 61 71 92 16 58 9 90
41 36 66 41 25 8 75 5 37 53
4 53 41 40 91 41 68 20 47 78
61 80 27 15 10 67 51 44 84 94
6 52 28 35 69 67 65 36 19 89
49 85 43 90 44 93 47 26 53 59
87 31 31 16 58 83 21 87 70 2
78 95 27 57 51 20 33 12 72 14
29 7 28 36 22 89 55 11 80 1
92 48 18 70 6 13 32 1 76 7
77 56 89 29 49 72 70 93 33 11
32 12 19 51 51 13 12 72 80 43
83 95 98 72 75 93 60 77 76 2
47 77 69 31 33 54 22 81 90 84
69 61 28 88 17 3 5 6 40 69
90 65 4 66 70 46 29 62 66 15
16 52 7 7 10 90 35 49 43 65
58 8 97 83 48 75 49 73 77 3
20 33 17 20 41 94 100 82 33 77
100 36 79 95 38 97 84 61 43 65
63 8 71 49 81 5 92 90 46 62
78 29 23 81 85 88 52 1 7 87
83 71 77 75 8 35 69 88 66 91
66 8 9 29 26 68 74 73 26 72
79 46 94 10 56 59 56 76 100 93
81 84 18 37 6 41 16 28 35 37
25 23 41 42 41 40 82 35 28 84
49 42 17 96 58 62 79 34 10 38
11 31 70 54 33 67 72 90 52 14
64 24 47 3 14 19 29 23 52 87
20 46 84 91 12 8 43 5 40 9
41 14 71 22 82 10 25 32 43 23
96 64 84 70 81 2 61 35 51 42
19 10 8 64 3 88 6 70 91 4
36 64 89 99 36 42 13 91 61 71
5 11 86 53 61 97 18 74 22 8
27 69 80 51 14 47 68 17 66 48
59 30 1 22 86 36 75 75 1 83
70 21 14 43 57 66 59 1 90 34
65 84 66 43 9 45 29 44 1 40
42 98 87 52 18 40 34 32 34 86
5 61 59 59 84 100 19 17 23 50
90 58 76 66 47 53 53 78 40 2
