80 5 2
40 40
81 6 55 9 77
55 38 91 34 83
66 22 56 10 75
33 100 7 24 86
8 66 30 60 14
18 52 31 28 46
93 62 32 74 16
37 92 83 94 83
93 62 92 89 89
97 75 99 65 20
63 1 22 79 93
4 48 10 62 60
54 12 86 67 6
89 4 40 91 14
65 35 64 67 82
85 49 86 17 70
1 55 32 68 39
92 29 65 8 34
74 68 67 9 68
71 97 3 86 18
37 21 66 18 85
91 91 32 98 42
21 39 87 30 30
95 77 5 88 4
91 36 71 81 89
43 34 28 97 33
83 54 14 36 77
26 42 29 52 19
81 28 27 13 57
21 42 78 5 17
22 75 5 87 11
82 63 80 92 62
12 4 46 80 100
82 22 79 96 83
71 29 11 87 88
72 25 20 38 90
33 60 83 44 97
1 24 43 46 39
66 32 6 23 68
84 64 18 85 47
26 91 33 93 68
46 80 54 45 22
90 88 18 62 46
26 25 77 38 100
22 14 23 30 68
76 11 28 83 15
45 8 11 76 47
73 28 49 50 59
90 34 18 52 96
39 55 50 38 60
33 41 45 14 30
99 4 47 69 99
93 57 31 15 23
30 7 63 12 14
80 87 57 8 59
43 44 1 99 50
89 37 12 26 1
35 32 83 60 71
46 80 57 66 13
8 57 13 79 23
67 11 78 91 97
1 60 92 62 94
7 75 73 49 8
26 99 50 54 93
59 100 64 51 63
54 11 33 75 81
16 30 67 74 95
63 73 60 2 9
80 62 71 31 90
32 5 95 84 32
34 2 71 2 97
14 45 93 27 96
83 45 96 59 42
25 68 41 39 33
40 22 96 32 95
46 27 86 89 56
82 96 73 70 11
87 24 36 27 19
10 43 31 40 85
90 28 38 83 41
