500 8 4
125 125 125 125
60 4 61 62 12 41 22 67
11 92 12 57 70 53 61 79
32 99 87 5 86 54 10 77
30 4 28 82 37 34 1 54
64 58 89 70 24 22 48 83
98 69 64 15 65 76 10 93
78 74 34 4 43 5 73 37
80 63 36 32 40 19 64 8
88 45 78 50 68 86 30 28
19 64 55 24 87 41 65 31
99 5 58 31 58 84 62 100
53 56 50 86 81 49 14 39
72 9 68 61 11 41 100 92
46 16 93 54 57 72 20 27
15 37 51 16 100 34 83 62
45 40 82 30 86 3 49 91
38 49 70 23 92 53 70 38
45 46 15 42 52 30 6 58
26 59 7 16 2 8 88 45
89 19 19 7 86 28 67 28
86 55 35 5 18 3 67 65
67 40 79 24 7 30 29 60
8 45 14 11 71 37 16 70
61 42 18 64 21 65 20 69
2 53 65 25 76 71 84 91
74 63 71 100 29 78 29 72
43 24 68 20 11 26 61 55
16 23 24 28 83 3 86 37
98 95 35 89 75 43 64 62
77 94 35 25 56 36 70 95
65 70 11 45 79 76 65 33
43 96 21 7 68 50 68 38
77 57 47 39 16 45 2 88
10 87 35 16 19 11 51 89
40 18 100 41 67 27 35 3
44 82 100 11 70 41 17 64
19 71 8 41 82 100 80 99
24 57 38 91 47 73 40 88
64 11 92 12 1 30 90 2
46 91 54 9 84 61 86 22
93 81 32 90 50 12 19 36
6 90 21 34 87 85 40 36
94 63 65 23 73 44 25 97
33 46 5 97 44 98 98 88
2 19 66 36 40 71 61 52
21 82 8 82 51 77 72 59
91 52 50 53 95 51 4 14
97 30 44 4 85 18 53 84
37 15 46 48 77 91 74 54
87 96 27 35 92 29 92 50
1 41 4 55 77 8 84 81
27 59 4 13 26 70 44 81
76 23 71 91 80 62 85 59
66 52 91 97 98 88 21 89
57 13 96 56 31 12 48 98
14 83 58 13 79 8 12 26
86 75 7 34 88 40 31 77
85 35 13 36 15 7 13 82
1 47 20 74 2 100 83 39
82 7 39 72 89 48 19 99
71 66 14 78 89 45 43 24
80 33 32 72 100 5 36 27
37 2 40 61 18 65 67 71
46 42 85 41 90 39 45 90
30 53 99 18 96 5 51 55
64 97 78 91 85 64 90 4
6 42 50 71 73 5 88 100
92 75 13 77 90 70 17 98
48 87 92 19 36 7 14 22
25 26 54 83 84 36 40 90
89 70 68 59 30 90 90 46
90 71 13 91 85 93 54 65
6 70 51 26 64 79 76 60
45 82 41 1 8 85 77 5
29 4 49 94 48 63 38 38
18 96 68 27 91 76 43 26
24 31 87 94 8 3 46 97
41 21 38 51 19 53 9 69
88 63 22 3 38 52 11 35
26 64 4 58 7 80 37 88
21 34 18 43 31 46 4 88
39 57 15 8 97 45 69 1
14 86 61 46 41 24 22 76
15 10 59 14 97 59 83 34
4 5 44 41 28 16 32 72
68 49 1 46 42 46 52 29
51 75 73 3 34 51 61 50
44 92 78 33 2 89 67 48
83 88 54 12 39 44 68 61
75 8 88 7 96 61 78 34
60 63 7 95 55 3 60 92
63 11 36 33 74 18 91 74
7 26 48 63 92 99 89 46
76 37 71 86 90 75 82 15
69 3 4 31 62 75 92 8
70 61 84 13 41 43 71 88
29 64 95 44 67 12 15 33
22 91 99 43 14 48 17 79
52 89 53 73 8 27 80 18
93 3 20 80 85 13 63 6
93 81 5 27 90 39 37 100
95 61 68 44 22 24 2 55
28 97 87 31 47 57 50 32
96 63 84 97 57 52 8 9
50 40 35 15 51 44 80 87
26 87 20 18 48 71 74 40
88 51 95 80 61 96 94 45
15 55 82 58 12 17 13 98
94 74 15 70 41 3 75 1
40 95 83 49 55 50 80 59
45 17 61 10 18 25 60 58
8 30 30 91 67 66 45 72
25 86 2 71 21 43 70 48
30 56 28 89 12 98 88 61
10 19 33 88 47 28 77 27
46 50 23 79 89 69 56 31
40 83 57 99 15 93 60 1
43 71 52 92 86 44 25 29
93 82 8 54 44 55 95 33
12 86 38 13 2 27 36 4
43 25 43 34 22 74 39 76
7 86 89 78 68 52 36 26
27 100 52 41 99 20 49 82
40 41 47 66 27 28 83 2
87 11 60 98 63 1 86 46
75 26 39 24 22 78 71 56
25 26 35 20 53 24 61 23
66 100 71 93 37 22 4 98
35 80 92 1 44 19 67 75
89 53 33 70 52 66 99 59
48 93 100 64 75 96 49 97
15 2 45 59 45 25 39 26
48 42 87 29 48 60 63 75
81 59 11 64 8 58 46 26
10 51 50 47 67 66 74 11
4 41 17 82 15 40 12 16
1 32 57 49 53 26 35 94
89 68 34 19 2 35 51 34
5 40 64 60 93 60 11 31
80 86 69 15 95 16 3 40
18 90 9 36 70 98 92 23
4 81 17 1 57 81 60 22
55 78 37 56 30 21 37 7
68 31 63 45 79 19 48 96
37 67 94 37 15 66 8 32
37 32 86 47 85 71 31 71
88 80 48 17 51 53 50 17
64 70 11 15 92 38 64 6
1 54 87 46 95 90 45 28
14 73 65 95 76 86 76 28
36 1 42 51 29 92 16 43
32 95 75 76 98 5 98 50
67 36 86 13 28 81 11 40
100 89 81 52 29 53 21 43
65 3 55 9 63 2 32 65
45 16 84 63 40 56 1 15
44 72 45 74 83 12 43 29
37 32 2 81 94 7 92 35
24 43 44 27 33 95 23 84
35 17 80 92 95 1 28 72
64 3 21 11 47 46 6 23
19 82 91 11 47 82 28 80
18 100 60 100 80 76 57 67
78 20 94 90 64 25 60 86
59 75 54 27 16 96 33 73
82 32 93 75 90 25 17 35
15 6 34 70 11 14 91 24
3 93 38 40 78 21 58 37
85 2 70 60 13 12 72 44
28 1 41 76 69 34 59 69
67 21 93 49 23 38 36 98
21 65 26 60 35 35 33 77
54 37 5 5 27 80 71 16
68 70 94 72 24 23 52 35
60 22 99 60 65 54 52 94
83 82 24 1 62 45 45 7
98 85 64 82 82 66 81 28
91 41 90 88 64 13 1 59
95 23 14 9 10 97 67 21
65 76 16 71 99 66 33 80
61 29 90 5 27 63 91 28
57 24 36 55 62 40 62 54
86 13 91 75 60 93 17 65
69 64 5 89 6 71 58 31
7 82 75 99 53 82 79 64
21 50 10 72 77 4 96 63
85 27 90 33 81 63 17 88
62 72 31 56 5 46 79 29
62 74 80 24 35 56 93 92
76 4 100 93 5 22 62 26
33 38 14 94 48 36 52 48
29 86 18 59 33 67 54 54
80 48 93 36 95 73 61 9
18 89 61 41 49 26 23 64
38 71 78 77 31 99 96 46
54 20 47 92 33 99 65 2
23 98 2 63 2 38 14 14
48 7 97 45 17 74 89 5
75 48 96 1 97 67 57 99
32 20 49 8 62 25 64 12
82 19 1 19 77 48 50 91
87 77 72 3 48 87 74 15
10 57 98 3 36 76 40 36
98 85 29 95 24 97 48 22
13 87 16 29 44 7 9 20
21 66 42 67 55 17 85 70
53 41 69 84 21 5 44 22
82 16 10 76 35 14 61 42
99 64 58 87 92 58 79 10
74 51 17 61 1 34 32 42
34 15 14 79 80 22 82 1
97 88 6 32 5 21 16 64
40 32 99 38 69 36 30 61
97 8 39 12 94 39 69 22
1 12 48 46 7 54 18 73
40 53 17 54 47 36 45 82
67 41 75 85 93 56 63 45
91 17 95 18 14 7 51 50
50 46 11 89 85 80 39 86
28 57 51 18 17 4 74 55
77 93 15 19 1 21 100 18
53 4 51 32 57 47 22 93
73 8 9 100 43 57 49 62
53 94 70 83 71 73 21 75
1 46 91 76 11 49 81 54
44 99 8 77 8 93 31 24
34 80 75 29 37 58 83 41
67 78 60 19 49 92 20 78
87 43 99 18 14 39 99 3
80 23 86 83 42 21 61 47
72 80 65 77 47 50 54 55
86 39 29 57 89 44 73 70
21 67 55 39 91 47 53 78
60 99 35 48 43 81 98 32
26 29 68 14 15 84 21 25
23 50 27 61 59 93 21 77
55 24 32 97 56 99 32 62
3 87 69 29 53 69 15 83
82 40 47 27 93 16 78 80
46 75 93 30 18 61 45 29
82 42 2 72 18 20 18 44
20 47 19 49 46 11 84 29
56 39 8 81 23 55 76 10
60 40 25 25 4 31 92 57
15 4 21 44 79 95 16 79
10 21 23 43 24 78 11 37
89 6 82 23 42 33 65 29
12 35 78 16 41 75 19 27
4 4 29 100 44 49 12 71
80 50 34 10 42 29 1 59
76 43 47 90 11 97 61 82
28 33 84 57 73 1 75 88
76 24 77 68 67 60 53 81
86 6 48 11 51 68 43 89
15 65 66 64 68 34 41 60
64 44 97 91 30 34 93 56
95 41 80 72 15 83 48 66
6 53 72 74 78 40 22 61
84 17 50 30 7 13 60 48
92 85 66 68 7 18 19 11
53 55 92 10 63 18 8 36
33 36 97 36 16 43 57 60
42 18 50 78 85 56 93 100
7 80 33 1 80 37 58 29
83 45 14 67 4 86 92 36
96 88 17 3 55 64 60 68
54 27 71 18 47 36 5 32
58 81 48 37 35 74 52 35
95 49 17 40 98 39 92 61
3 68 55 39 20 48 25 22
43 37 12 26 82 94 43 49
6 19 23 59 34 83 77 82
43 69 94 98 33 94 40 84
13 24 25 79 53 83 41 13
66 90 32 8 100 86 54 87
3 80 96 14 96 91 67 49
10 96 42 62 20 90 35 23
28 75 16 65 6 19 25 96
11 19 38 2 40 54 30 87
6 96 33 55 10 27 64 77
25 74 57 13 6 69 100 17
12 26 99 9 64 100 88 32
29 20 3 90 95 19 70 91
2 76 45 24 70 71 93 16
97 72 71 21 20 89 65 43
40 1 63 82 92 37 19 56
82 36 1 42 70 6 84 67
68 51 37 50 33 32 61 7
83 91 96 1 35 50 68 45
65 6 71 26 12 89 98 65
17 84 77 91 55 84 98 53
55 47 76 72 6 51 79 82
72 94 5 99 62 58 89 97
10 13 46 90 95 83 31 35
69 91 34 21 36 39 9 29
92 87 93 90 59 25 16 96
1 63 36 92 66 5 4 87
92 74 78 95 89 49 15 61
88 59 50 86 19 71 44 17
18 9 97 42 52 58 67 77
95 76 15 24 9 77 67 24
66 54 59 19 62 87 23 24
86 67 15 58 86 11 58 98
45 21 26 100 5 43 60 5
26 10 13 61 13 88 14 74
91 94 41 12 78 55 15 81
18 78 100 92 73 69 52 63
30 69 17 1 77 58 74 18
3 77 22 71 55 36 95 21
29 95 19 34 96 85 78 80
78 87 41 22 76 3 12 85
93 38 1 92 79 96 91 35
88 72 56 33 80 89 27 50
61 34 41 12 86 17 82 2
29 88 61 79 77 17 83 13
40 77 27 7 7 14 68 13
31 58 78 65 48 89 79 56
35 93 42 37 86 70 73 24
50 61 5 33 1 76 57 96
26 44 4 67 4 11 42 26
36 68 56 83 94 88 71 78
33 25 100 67 67 26 81 16
15 100 8 66 95 58 94 30
35 83 76 4 46 33 48 65
46 36 38 83 23 5 13 62
68 37 24 73 34 47 60 48
92 42 79 62 26 19 64 30
86 19 18 16 50 92 70 67
62 49 54 43 28 9 53 40
100 5 58 94 51 12 46 38
71 45 27 29 20 90 15 25
70 84 54 34 10 25 19 71
73 31 44 59 27 26 62 46
85 6 18 30 84 83 45 14
11 76 88 41 8 2 67 84
99 67 5 28 58 68 26 93
30 46 12 1 34 72 37 44
42 81 50 53 77 94 47 7
20 28 100 5 7 22 27 58
95 84 62 31 50 55 72 31
23 26 1 89 48 12 34 92
46 22 13 45 49 64 61 64
55 61 88 59 26 34 37 56
95 77 79 88 74 49 36 91
4 30 96 6 69 45 22 24
53 78 87 57 16 37 77 90
45 75 80 89 95 25 40 41
84 41 98 33 85 92 66 45
20 18 54 27 42 5 62 60
40 100 9 4 39 46 53 15
45 95 48 71 15 13 68 50
47 68 89 84 70 80 81 3
77 60 51 74 21 1 19 42
76 92 29 68 99 1 26 82
11 93 70 43 40 86 71 43
61 25 30 77 27 66 97 21
32 67 66 98 64 71 82 91
16 4 98 46 91 5 51 67
100 30 23 97 83 79 48 76
90 47 93 7 79 89 73 28
99 41 79 85 43 67 31 95
22 42 70 5 50 95 61 15
99 20 97 98 41 62 24 93
30 67 76 10 9 21 85 78
96 57 100 91 94 61 8 14
7 100 43 70 96 99 52 7
70 26 36 28 51 66 39 53
54 59 39 57 19 48 31 28
3 69 21 92 75 80 30 18
5 27 11 43 8 33 100 54
31 77 100 55 68 29 67 78
2 15 83 84 15 67 47 43
50 40 92 71 65 61 15 43
63 7 53 32 25 11 93 8
55 6 56 27 71 60 58 18
88 42 42 42 21 18 65 25
35 94 29 20 75 38 37 82
67 76 39 21 61 84 96 6
97 24 96 89 91 42 9 54
27 86 4 68 7 33 78 63
57 99 33 75 92 45 11 85
77 53 64 52 61 8 34 35
44 5 73 32 63 47 52 20
95 81 61 88 58 10 48 13
83 67 50 70 46 54 95 2
7 3 6 42 69 27 11 22
89 11 67 54 9 83 78 45
14 20 75 41 53 20 26 2
34 91 43 20 100 29 22 38
12 25 13 16 26 94 36 49
35 26 78 61 36 66 76 30
54 59 80 33 76 29 100 53
2 93 100 26 67 11 54 40
10 58 7 75 94 3 95 96
20 32 36 83 74 15 2 44
67 32 97 6 55 55 73 44
84 8 55 5 51 24 64 1
28 24 22 79 5 60 33 5
66 92 43 16 19 68 74 43
48 10 84 40 17 37 60 80
47 88 46 51 16 11 43 4
71 82 60 63 31 67 66 73
60 77 41 93 24 35 85 21
10 66 8 82 77 45 12 1
17 28 88 12 74 89 26 71
16 20 73 70 83 40 19 63
46 1 97 80 91 63 54 79
97 76 37 92 49 99 67 7
95 27 79 98 4 32 53 57
30 59 78 19 32 45 86 51
61 89 20 90 9 30 85 23
14 45 67 18 77 27 24 12
87 64 26 12 92 83 45 50
20 99 84 91 62 64 20 85
77 75 2 29 4 74 68 86
83 54 62 99 98 38 41 24
78 3 97 6 99 80 13 14
95 70 54 37 35 84 39 81
84 11 82 67 19 27 92 77
28 31 30 88 27 25 60 46
12 23 99 65 50 20 85 44
67 24 90 24 98 9 72 38
87 17 36 28 17 94 90 47
78 54 17 1 69 90 57 5
10 75 80 9 54 39 65 50
69 44 37 90 95 5 11 75
32 43 92 11 12 45 7 94
3 71 27 97 50 99 14 7
6 57 58 27 43 20 14 71
98 82 21 34 25 55 4 2
57 64 69 36 21 35 93 79
71 51 72 71 81 55 22 12
13 23 71 33 39 29 50 2
85 16 8 32 8 57 65 6
69 96 43 8 43 52 21 74
26 55 41 85 41 2 4 39
8 13 55 49 45 67 86 62
90 40 81 69 84 33 12 70
46 38 39 13 66 84 28 37
100 36 94 15 89 51 60 93
48 3 49 6 64 58 78 70
25 74 59 6 41 71 24 11
59 41 40 38 92 16 89 5
42 65 86 29 100 31 50 22
7 91 20 83 37 54 13 62
92 98 22 66 53 86 37 50
26 100 33 16 93 53 3 19
77 73 14 82 19 66 83 89
41 97 14 57 12 72 10 21
57 16 74 45 62 13 45 96
86 68 71 89 90 60 15 69
87 32 87 46 57 79 52 82
74 95 39 86 34 44 51 37
45 40 26 52 70 16 45 69
2 3 64 9 58 36 59 68
17 48 18 58 89 14 73 37
13 67 60 18 63 10 37 94
57 3 3 72 65 34 96 37
85 32 92 51 51 9 23 45
11 87 53 97 2 92 67 94
86 85 34 19 15 18 69 75
17 91 82 51 66 38 6 79
47 45 49 62 62 58 48 73
65 24 13 80 43 84 56 73
6 11 55 31 26 60 54 2
39 9 44 10 100 26 41 84
72 13 2 25 97 53 40 11
11 14 63 90 13 17 89 79
57 32 38 53 48 30 35 89
26 65 64 81 93 35 68 57
25 25 88 56 81 32 15 78
26 95 13 28 73 98 88 31
12 11 18 48 62 7 45 33
83 80 16 76 100 78 11 66
68 64 21 22 87 91 70 48
59 6 36 82 83 62 27 13
65 70 77 72 22 61 90 19
71 24 9 64 48 10 40 6
22 91 40 84 90 9 72 77
94 39 15 35 55 58 25 54
2 91 100 35 19 89 53 57
65 80 43 92 11 20 84 91
32 68 68 68 45 89 78 42
26 12 14 84 48 41 79 29
82 50 46 77 74 70 26 39
60 26 95 22 6 40 67 66
74 97 5 57 93 33 78 23
75 68 75 90 70 6 5 91
54 67 57 77 54 51 64 26
82 50 28 87 17 87 66 51
82 88 40 10 89 32 62 90
12 97 39 60 18 33 17 19
97 91 84 85 13 50 67 56
37 81 22 86 44 27 7 7
95 53 97 5 54 93 15 31
21 86 91 38 36 71 25 100
80 1 35 77 62 95 84 79
81 57 34 94 72 64 66 25
34 22 91 12 58 78 35 98
77 91 32 37 1 33 60 35
