300 6 4
75 75 75 75
67 84 38 100 98 83
89 83 85 3 40 87
69 22 31 60 12 94
90 58 69 36 77 70
81 37 62 95 53 64
86 69 50 91 99 61
42 20 57 76 25 95
93 63 62 67 34 15
33 7 74 48 83 28
90 21 42 22 39 67
46 82 17 90 28 44
78 2 90 36 4 53
3 5 83 42 36 62
10 86 85 40 56 42
76 60 37 3 60 80
37 3 62 64 56 76
57 18 28 69 27 17
68 98 62 46 83 21
52 78 86 73 18 86
85 6 67 35 58 87
95 53 37 43 72 38
96 27 35 22 35 89
82 73 59 18 94 98
98 63 58 56 9 10
40 97 70 49 66 89
47 38 85 95 32 33
79 41 85 30 49 1
76 48 21 16 21 41
97 58 31 32 96 41
22 33 84 93 54 10
79 84 23 34 6 45
8 70 47 68 6 40
45 59 3 95 76 60
23 54 49 27 73 52
33 46 52 64 85 100
4 75 49 21 30 5
65 16 42 74 35 44
88 71 27 12 58 61
90 52 69 49 13 13
23 87 16 32 35 17
93 15 40 16 16 81
69 5 13 18 38 83
70 19 33 24 73 60
2 22 97 26 39 12
63 62 26 52 50 18
56 40 3 92 84 51
4 92 42 99 84 100
75 70 39 91 77 34
87 89 82 66 16 77
53 19 36 19 41 43
7 19 23 75 19 56
27 38 35 21 31 85
63 19 91 93 8 55
74 46 65 96 11 98
77 70 57 72 12 3
34 98 58 1 59 42
32 36 30 89 62 86
99 31 75 35 82 65
62 70 95 7 97 36
78 69 74 63 38 52
13 17 91 75 21 68
21 50 33 36 48 5
33 99 17 50 97 27
35 45 77 61 70 97
83 4 89 23 32 64
60 98 32 79 62 66
51 70 47 35 42 14
75 44 79 31 10 83
1 41 81 64 11 40
38 75 80 26 22 79
13 5 32 10 88 77
29 27 39 41 24 20
72 99 19 9 22 5
40 24 20 53 74 66
21 49 33 50 76 94
12 27 36 52 91 85
97 54 94 35 44 53
85 2 10 28 97 62
17 9 100 60 34 72
93 82 9 38 88 82
84 7 67 60 30 26
20 66 83 9 95 71
51 4 23 60 26 9
63 62 9 36 45 34
87 47 73 23 87 57
71 5 64 52 95 23
4 59 82 21 97 31
53 31 50 28 42 96
5 7 49 33 23 54
40 43 28 22 60 100
71 80 39 77 68 1
71 87 51 76 89 56
76 58 34 55 39 28
23 91 10 59 42 47
74 91 38 55 74 96
87 72 3 53 21 51
13 39 20 57 68 90
84 33 15 54 39 86
60 33 21 94 61 10
82 46 4 57 78 46
3 25 81 15 86 63
25 73 76 12 27 92
9 39 60 36 76 16
27 56 48 90 81 32
47 74 82 73 47 78
14 72 63 34 91 15
60 39 71 12 15 1
70 64 56 34 93 42
8 8 50 90 19 64
86 47 56 25 77 42
9 70 63 61 20 63
39 94 90 71 48 97
15 25 85 26 21 37
11 33 5 16 22 39
68 80 26 57 39 8
99 25 87 19 82 28
15 37 4 49 87 57
95 4 62 65 48 21
69 68 78 19 81 28
13 41 6 79 91 38
90 77 72 66 3 7
73 20 61 61 23 29
48 77 9 43 36 12
86 5 67 28 9 98
73 42 59 2 11 3
93 43 55 56 35 20
63 47 100 80 51 34
22 24 29 87 76 89
32 45 14 100 59 59
9 33 69 98 11 3
12 5 8 31 66 29
91 20 48 50 47 42
4 98 66 89 32 43
31 26 8 32 90 68
66 14 36 59 59 30
96 35 91 81 48 30
100 51 78 61 25 17
94 49 26 5 42 90
28 50 36 24 57 49
7 17 9 68 88 9
14 55 13 55 16 34
54 25 63 84 69 19
81 50 11 90 4 7
63 72 97 30 91 34
1 36 99 25 58 41
19 75 86 70 44 71
98 54 17 67 98 66
93 86 89 1 94 74
15 84 93 56 97 19
65 17 11 73 77 93
8 54 74 79 40 93
100 47 67 33 21 9
18 91 84 39 91 30
5 20 71 78 6 59
59 92 49 84 58 73
90 18 78 5 56 88
2 10 87 39 81 91
14 69 69 25 53 24
12 99 58 70 81 67
62 39 2 11 46 79
80 15 10 99 34 74
12 35 38 65 95 51
57 44 3 13 5 44
85 75 97 88 13 38
45 60 12 67 78 90
71 71 80 88 43 64
39 51 47 78 56 60
17 18 23 83 70 70
7 96 63 49 71 35
3 72 64 10 25 21
38 99 88 80 46 69
60 16 27 89 61 81
36 88 89 14 3 87
23 63 8 89 15 92
28 3 89 51 80 66
46 5 28 84 63 25
98 26 64 17 4 81
17 14 78 92 57 88
20 54 60 75 58 2
89 29 40 66 30 97
48 34 71 97 6 12
49 98 61 35 71 84
70 66 23 89 83 43
70 16 26 64 65 32
5 26 47 78 98 34
87 22 16 77 53 20
83 44 94 62 57 39
21 17 70 54 51 9
55 48 94 87 60 61
30 14 1 21 89 85
69 82 52 92 48 29
32 33 94 35 69 74
29 16 13 54 66 82
71 50 25 80 53 14
25 62 97 94 41 11
4 96 87 26 90 20
60 42 87 58 90 50
28 36 87 85 65 43
41 90 17 69 10 38
1 61 99 94 29 95
19 89 37 40 62 8
26 87 84 54 15 17
55 18 92 65 80 26
2 47 17 26 74 29
83 23 6 5 58 54
3 79 10 61 93 42
19 13 35 77 63 83
37 12 50 97 52 95
89 33 63 67 10 73
95 54 82 48 72 18
40 88 33 57 84 3
55 71 57 10 77 52
61 45 24 12 81 75
2 98 51 90 36 100
2 2 32 14 32 69
78 73 19 6 10 24
33 54 32 92 37 19
43 37 2 100 54 78
93 93 99 33 6 67
22 8 37 53 7 23
1 40 45 80 14 15
75 22 34 25 36 66
98 98 31 45 43 15
90 8 86 89 42 21
64 50 16 25 52 34
96 75 77 94 28 42
17 77 14 24 32 37
76 58 86 63 47 13
53 68 83 6 60 70
83 42 6 87 21 81
23 52 44 92 68 53
31 38 52 96 75 49
47 85 80 76 22 26
35 72 37 57 1 78
82 13 53 59 3 66
80 58 36 67 2 11
34 56 52 32 53 25
13 92 12 24 46 41
86 62 21 38 70 48
87 54 79 81 24 67
59 13 38 58 93 65
93 85 34 14 45 5
71 1 62 90 25 83
12 67 30 99 95 31
67 47 31 30 57 76
90 66 90 18 27 14
30 70 97 10 7 97
15 12 1 6 29 5
39 2 58 85 13 34
6 17 67 86 79 42
43 6 75 58 13 87
76 12 71 63 67 87
75 33 31 68 43 49
11 37 67 94 21 73
67 73 95 74 54 49
61 59 53 84 61 74
71 13 46 41 100 42
67 95 66 46 72 51
80 80 41 60 17 34
52 28 79 98 40 84
91 13 46 5 88 52
51 21 75 80 92 76
61 97 33 100 72 8
91 41 83 17 62 81
50 70 80 50 4 59
33 53 92 17 18 1
46 24 48 54 83 85
47 72 81 12 65 82
24 24 4 72 41 14
13 28 64 62 16 57
5 85 84 51 5 55
82 42 71 61 60 76
87 90 29 96 21 99
37 93 92 33 13 20
18 39 55 61 5 42
75 28 10 28 43 78
31 97 94 85 19 67
37 63 42 98 84 76
50 45 40 32 16 45
41 6 35 86 16 6
97 7 21 61 2 31
54 63 62 31 11 76
51 10 25 8 6 50
39 80 45 91 38 55
58 94 1 33 72 10
56 19 100 26 39 67
33 13 27 70 48 33
77 89 49 71 49 99
15 52 89 15 12 40
64 2 79 20 90 42
100 85 66 71 100 80
40 82 52 89 44 51
85 60 19 3 63 14
19 17 79 26 11 56
39 80 29 51 38 78
100 97 40 89 83 56
12 24 74 7 79 10
81 9 31 68 82 90
76 84 63 55 2 83
95 96 70 40 62 1
