100 10 4
25 25 25 25
55 83 44 46 85 12 25 45 50 75
95 56 74 11 88 78 9 53 97 52
53 3 48 2 99 4 62 6 77 76
30 63 24 78 73 14 13 87 79 27
10 81 32 54 6 61 21 38 1 31
88 52 13 25 14 29 58 60 66 31
64 55 23 20 53 73 63 74 85 83
95 6 72 4 72 39 3 94 21 14
87 35 52 97 99 5 96 98 59 56
74 88 86 20 21 82 76 88 73 10
36 82 24 89 44 11 19 95 73 77
67 97 79 40 85 25 9 71 83 20
78 61 47 2 94 64 59 15 53 23
76 71 97 9 50 43 67 32 92 58
54 21 3 40 7 11 88 78 34 75
14 93 69 1 56 18 18 79 53 5
57 33 53 5 98 49 30 4 12 2
10 10 24 43 85 36 20 2 69 54
69 20 29 30 77 11 74 11 87 36
63 46 100 48 91 27 83 87 52 24
8 27 12 99 24 70 43 8 25 77
58 80 48 12 37 13 78 19 13 13
68 93 65 50 72 8 28 4 65 69
25 33 91 80 92 82 14 53 80 37
41 62 60 15 5 36 25 67 38 45
69 73 36 33 67 77 16 18 1 67
94 92 91 31 82 14 68 95 53 15
88 5 80 17 19 72 56 57 72 70
7 37 2 35 61 13 30 99 16 42
37 49 58 23 58 3 88 8 70 45
4 24 87 70 57 35 20 71 16 48
6 76 30 21 41 50 28 57 28 84
24 6 58 50 5 31 66 61 25 32
55 29 60 82 1 60 19 64 7 12
26 43 76 68 82 83 7 99 76 54
30 2 100 42 18 19 86 55 71 6
70 39 47 80 98 51 45 98 7 57
31 75 21 10 49 42 37 75 68 58
68 98 3 62 82 45 57 75 37 93
59 25 41 84 4 33 62 98 44 45
32 44 20 47 7 54 39 3 55 40
18 72 79 45 41 74 83 56 89 36
69 16 81 2 91 67 5 24 64 60
78 77 85 35 74 71 81 46 50 99
91 73 75 66 13 92 25 28 6 79
9 86 92 7 16 60 39 95 64 100
11 47 48 78 71 37 91 19 58 71
56 70 39 96 12 75 47 88 2 7
96 15 25 63 68 23 59 26 18 81
76 72 65 57 71 63 64 7 7 97
34 10 99 28 92 66 9 2 95 68
88 21 1 20 20 70 76 90 27 24
53 59 74 77 16 24 97 26 88 24
72 65 73 33 11 61 31 2 27 94
100 7 1 65 74 95 35 13 15 10
4 87 62 22 27 78 89 87 51 11
28 88 41 90 16 35 65 60 41 40
18 54 52 7 17 6 88 96 73 64
27 4 98 3 79 95 47 76 73 86
4 10 56 43 4 22 15 81 50 73
44 18 43 72 26 1 49 90 82 67
41 49 40 79 27 75 8 27 34 60
73 83 63 82 95 28 22 90 95 88
69 83 69 73 32 76 53 91 53 80
31 7 2 58 47 9 35 15 96 3
43 71 93 6 91 6 98 44 4 31
39 21 62 10 33 76 57 21 10 99
59 9 41 50 59 88 98 57 24 59
36 92 65 2 35 20 48 44 52 62
3 39 97 23 61 41 62 84 38 88
32 58 26 73 68 79 69 97 27 11
19 9 94 12 51 8 32 25 62 49
18 37 36 38 23 67 56 83 23 23
66 21 62 13 24 32 63 63 72 2
97 49 55 96 57 20 49 58 100 71
22 76 79 65 30 87 32 33 3 40
92 89 60 80 10 56 37 50 39 14
49 83 75 24 85 72 9 35 67 100
16 7 90 36 29 50 94 99 92 5
40 17 38 81 41 24 48 88 95 54
70 80 10 26 29 86 24 28 36 74
65 56 27 54 53 68 76 6 14 96
27 3 44 49 41 53 35 17 26 94
32 17 8 47 99 81 48 14 2 32
45 24 69 38 72 92 85 30 77 80
77 82 54 34 99 53 28 97 4 59
14 59 61 66 30 83 30 55 94 84
57 93 22 32 12 98 40 91 42 29
93 99 12 41 47 66 99 6 35 45
94 40 66 96 84 21 2 94 45 20
73 57 45 57 2 22 98 89 52 47
80 62 73 45 68 68 19 32 71 50
99 98 14 29 14 5 23 49 80 14
94 52 33 94 78 19 76 39 92 65
56 60 98 89 60 55 4 14 32 53
26 17 67 86 38 70 86 55 71 55
27 11 52 96 84 94 82 64 9 14
35 99 67 22 6 33 22 40 14 61
34 97 30 88 39 42 35 22 43 95
77 85 57 29 44 49 50 58 90 33
