40 5 2
20 20
88 35 11 92 38
2 42 31 14 25
83 88 97 99 93
37 72 51 92 36
55 27 78 66 100
16 9 96 84 44
62 10 92 20 37
72 20 95 23 96
16 72 35 7 2
83 4 23 88 46
100 55 84 80 61
33 17 62 73 96
27 1 84 11 67
96 77 33 45 41
5 48 93 58 5
84 59 24 30 13
57 83 8 46 89
38 41 8 15 30
39 23 93 45 76
8 50 82 86 10
18 83 73 14 84
93 72 95 29 17
30 65 83 22 5
31 39 87 31 84
56 55 32 60 46
66 27 70 4 4
98 15 50 43 81
38 68 24 36 24
11 61 11 82 82
5 29 98 73 5
91 23 35 15 19
62 56 7 98 45
97 3 68 75 95
6 6 44 56 5
76 50 85 2 76
41 76 83 20 53
51 66 81 35 82
8 80 61 54 11
80 97 9 74 42
95 10 38 15 29
