200 7 4
50 50 50 50
62 21 89 50 62 81 73
74 97 77 65 10 5 38
74 70 48 49 98 20 90
13 76 72 4 76 25 32
60 99 9 67 21 19 56
69 24 28 4 71 7 28
21 93 79 9 54 97 70
76 42 41 71 4 48 26
88 83 87 74 66 15 72
46 85 82 25 99 43 11
68 30 41 30 86 56 32
35 28 55 75 45 82 70
46 63 21 82 52 15 54
27 1 100 4 58 30 36
60 17 13 56 65 5 42
57 97 42 98 5 88 97
64 32 37 2 48 52 52
63 31 28 17 94 44 36
94 48 99 31 17 86 11
54 92 23 56 31 3 53
52 99 70 32 37 8 32
3 7 15 13 15 3 30
43 1 23 32 36 41 70
37 77 83 25 45 81 41
10 84 3 36 35 18 96
34 73 50 44 48 78 58
34 75 72 43 27 87 53
72 92 66 47 70 2 48
93 8 57 20 13 32 6
80 8 43 35 73 33 73
67 83 1 67 81 56 79
1 66 26 8 80 65 99
81 35 19 54 79 93 25
31 76 76 25 54 26 15
99 74 92 93 11 8 88
43 51 62 42 59 65 67
3 14 5 34 11 1 25
7 69 70 77 73 63 36
84 53 43 41 59 99 96
6 19 92 28 66 92 32
17 38 55 2 14 88 38
80 34 98 21 71 88 99
32 35 68 1 62 86 41
26 85 57 39 2 14 5
22 81 57 95 83 87 52
55 16 13 20 78 94 34
69 15 53 37 93 64 8
5 55 77 80 29 14 34
72 98 67 84 42 11 71
68 55 79 26 4 46 67
16 50 5 49 72 87 36
61 33 73 55 34 59 91
76 46 41 53 32 98 91
12 12 97 33 65 22 21
8 22 99 89 4 64 92
83 83 11 69 14 6 63
81 54 92 99 1 14 33
57 99 77 62 37 24 57
36 38 7 97 10 42 37
96 5 39 58 72 38 15
58 86 81 77 30 60 27
46 18 42 76 14 73 90
63 2 62 75 14 42 53
37 81 51 31 30 34 55
79 73 10 75 32 10 4
78 24 61 56 65 24 70
37 55 83 6 54 9 67
16 19 21 38 2 79 7
26 25 82 4 20 10 93
88 15 89 79 47 82 76
79 1 33 49 56 28 18
71 67 3 20 58 15 25
10 3 74 83 31 99 19
60 81 44 12 77 22 45
86 12 70 68 18 68 80
47 66 80 78 88 23 86
50 62 2 48 48 41 74
30 35 77 23 74 60 73
49 6 77 97 8 100 76
94 53 31 40 81 28 70
62 28 82 49 64 52 64
95 51 75 74 74 44 32
34 94 53 52 4 34 64
56 96 12 13 85 90 5
93 71 4 97 65 66 7
39 14 34 40 64 46 8
35 31 50 55 33 9 65
40 77 90 95 54 53 27
35 46 43 91 89 26 47
59 15 40 61 37 73 29
25 69 31 6 80 48 16
47 45 22 61 72 77 64
8 94 46 26 94 90 53
27 59 47 13 38 25 33
26 77 47 38 89 73 31
39 27 74 95 40 71 47
24 58 46 38 85 21 37
45 11 85 24 69 39 58
7 6 78 85 51 76 9
30 29 54 86 46 32 49
70 42 38 23 58 3 28
33 4 30 49 53 75 36
86 95 22 64 51 59 25
27 17 99 56 53 37 96
65 23 70 22 14 100 81
64 99 53 41 78 4 81
44 50 69 88 84 36 38
31 69 73 23 40 31 42
94 70 2 98 3 44 35
94 87 1 47 31 62 70
90 15 83 59 42 97 19
53 93 30 53 96 11 90
88 40 53 47 46 28 29
21 59 98 66 85 46 87
21 23 8 27 96 18 24
42 48 67 65 63 51 2
99 91 87 21 73 86 32
32 87 38 92 45 6 56
95 27 86 98 83 99 35
28 56 42 33 4 18 22
65 49 30 70 27 8 41
86 78 18 81 59 100 93
100 61 43 60 27 79 6
43 85 26 100 61 23 99
17 39 42 11 18 45 18
70 80 72 37 65 76 11
70 15 64 2 99 86 29
42 38 71 97 95 59 46
59 63 12 56 78 14 54
2 11 16 36 19 2 55
78 86 73 65 44 24 58
56 96 1 50 62 4 73
60 6 40 72 37 22 35
54 30 39 67 30 97 8
75 86 60 2 46 28 85
12 72 86 98 13 2 14
98 74 46 84 42 53 24
10 19 96 59 64 54 73
35 76 89 31 60 4 99
90 72 61 47 48 10 33
92 10 8 54 92 18 14
49 6 7 46 3 68 63
83 55 61 44 37 67 90
60 36 94 20 8 20 94
38 99 4 20 30 4 84
77 5 36 79 7 14 27
84 4 73 90 48 92 93
100 87 2 41 61 86 25
78 63 14 69 44 97 2
33 86 32 98 15 36 10
68 50 50 78 88 66 10
29 73 66 41 90 71 7
91 50 65 90 17 14 71
59 33 97 1 26 55 99
66 31 89 30 8 22 52
76 35 68 40 45 4 36
94 54 4 7 2 65 66
11 15 26 70 9 62 9
22 80 12 91 26 14 88
84 3 34 85 54 7 58
24 56 4 3 9 57 18
33 70 73 8 71 67 51
44 87 8 54 94 95 95
12 33 91 14 75 39 4
23 60 92 23 69 10 54
14 6 33 73 44 76 97
46 68 83 36 100 73 25
53 85 93 13 48 82 67
65 60 4 28 71 73 20
84 94 78 90 79 92 66
88 81 59 68 17 95 19
53 51 62 19 35 37 60
81 52 58 88 45 16 44
70 98 49 11 20 24 80
57 24 4 84 6 43 14
8 94 41 27 57 94 99
63 70 43 5 77 59 8
31 74 31 36 82 9 85
57 8 7 28 91 62 82
87 76 88 22 26 82 27
35 65 92 38 18 33 36
45 27 23 37 18 28 20
88 40 29 21 25 98 58
1 29 92 66 98 66 62
91 53 27 56 47 65 97
24 94 81 14 18 14 80
32 57 96 66 70 20 22
51 84 7 28 41 40 25
16 37 95 48 39 90 56
97 70 46 87 99 29 70
79 17 11 34 12 100 69
85 58 83 29 70 64 36
93 74 78 29 56 21 97
45 86 90 40 84 69 52
36 38 96 85 10 55 40
69 94 41 54 18 16 95
33 45 30 23 79 59 70
4 51 88 1 67 83 59
85 51 45 68 3 5 31
99 60 44 53 92 100 24
