400 10 2
200 200
34 59 31 13 49 49 13 74 26 71
73 40 9 97 32 21 82 32 88 12
56 99 83 53 55 73 43 80 67 50
63 7 14 23 95 80 99 71 93 31
37 80 33 23 30 62 66 96 51 37
87 96 11 98 89 85 49 1 71 91
43 83 91 21 79 8 27 1 100 36
82 61 74 30 83 70 72 61 87 58
80 48 42 64 12 14 90 85 85 92
76 8 79 94 56 63 80 13 77 18
38 100 25 41 73 27 86 100 56 34
84 15 69 24 31 14 89 52 70 89
67 65 10 16 68 85 68 13 39 93
16 32 13 82 83 55 2 26 100 20
48 49 21 78 89 21 94 22 86 92
100 50 80 14 59 31 3 71 80 98
53 93 31 98 39 39 73 70 70 38
72 73 74 26 82 94 93 43 40 53
70 67 88 23 12 21 59 67 1 13
52 23 17 22 36 43 77 61 37 33
57 47 58 16 52 87 50 98 57 26
74 84 81 77 59 75 1 86 26 25
48 90 38 46 77 40 11 13 83 90
37 89 71 62 73 19 54 36 1 90
40 36 45 69 92 18 65 18 98 95
15 99 73 82 94 64 4 80 73 38
94 66 71 31 34 90 60 89 93 58
34 42 75 4 31 14 1 42 11 69
68 100 5 22 47 85 20 26 95 86
58 27 28 97 16 73 84 33 84 22
27 47 13 21 82 82 34 86 53 37
14 36 8 36 6 22 4 54 19 81
1 83 43 88 12 55 99 43 10 16
58 76 3 58 50 45 3 17 13 44
73 40 82 26 90 50 94 11 89 64
84 38 77 70 80 70 40 98 84 10
11 28 86 72 8 84 98 63 73 61
31 96 41 64 18 78 30 71 69 2
32 98 9 58 54 33 66 35 48 12
98 25 71 2 35 21 63 53 77 53
1 97 40 78 77 60 54 27 88 86
37 40 44 65 27 72 48 92 30 47
21 83 67 100 76 12 31 71 26 63
25 56 85 99 76 66 62 100 5 83
79 58 25 70 41 36 74 19 77 67
48 97 20 93 89 98 36 94 79 83
32 25 69 26 53 4 89 98 77 82
49 44 26 62 5 21 92 10 70 12
18 68 83 39 37 40 22 61 52 99
13 33 52 47 29 9 26 25 98 40
69 65 32 31 25 40 62 20 90 1
37 29 81 15 54 68 74 84 9 52
90 61 62 35 77 29 35 45 2 76
66 60 44 25 100 44 41 95 72 30
51 55 32 31 8 79 17 5 45 15
15 30 92 1 51 91 29 97 87 100
75 26 1 41 85 42 56 50 27 96
11 13 38 88 9 100 4 50 91 23
10 52 97 47 8 46 18 68 97 47
17 13 70 83 88 5 89 4 36 90
68 17 92 15 7 47 9 5 81 28
88 87 22 60 99 68 52 81 64 97
97 27 100 81 8 94 35 76 38 40
19 16 52 96 22 82 78 6 68 93
39 41 85 22 14 99 66 19 86 22
22 96 55 38 68 56 93 80 58 57
88 81 55 47 67 24 84 95 39 73
55 7 65 89 10 10 94 91 93 61
24 10 53 25 22 58 68 80 27 85
78 37 85 40 21 56 13 52 47 33
60 35 35 23 60 8 57 9 83 16
85 82 69 42 68 57 4 95 30 30
46 61 48 26 11 20 3 81 56 32
1 64 48 17 55 17 87 66 30 92
62 34 59 24 63 14 74 79 26 65
70 4 86 70 11 6 43 50 99 55
90 75 13 51 19 75 55 57 51 75
3 21 55 31 54 28 77 96 46 17
16 93 13 20 69 13 72 16 52 39
54 68 36 34 13 96 89 10 6 18
97 40 13 38 32 86 81 6 13 32
21 88 14 39 41 45 20 87 2 57
13 61 9 52 60 22 3 99 7 2
73 23 36 20 72 87 36 70 85 37
37 61 22 72 10 49 71 49 1 64
66 23 53 62 88 90 18 44 86 47
93 84 98 7 98 26 11 51 42 64
42 90 37 67 1 16 1 34 50 80
76 95 76 60 11 95 100 50 26 58
33 25 18 20 14 10 4 33 43 31
29 5 77 73 5 54 14 55 80 68
83 72 1 41 66 41 35 76 69 45
55 60 58 56 99 27 85 92 73 26
50 30 90 57 4 99 44 40 14 63
42 21 79 73 35 28 99 81 96 65
92 16 47 98 32 61 19 11 61 73
41 65 4 78 60 6 98 91 100 87
72 32 23 1 29 91 82 25 89 63
28 78 18 44 65 8 16 51 80 34
70 99 15 79 1 74 65 82 84 97
20 43 27 68 57 42 1 82 49 48
57 93 98 19 56 84 59 72 18 33
73 97 28 33 52 82 30 55 9 1
59 40 31 21 54 14 66 97 68 46
37 96 6 85 95 35 1 21 64 4
78 52 74 61 79 71 54 17 62 89
70 37 33 92 51 92 61 9 64 66
57 60 58 97 27 68 46 3 94 59
14 66 76 55 72 82 49 82 98 21
62 95 37 19 97 66 20 14 8 52
98 53 19 28 67 94 22 12 60 33
99 28 92 100 67 73 11 77 41 75
84 19 35 87 56 50 15 41 56 78
58 12 4 35 36 59 29 49 62 90
94 6 12 20 97 87 39 40 65 13
43 89 14 40 84 39 14 53 46 11
39 81 44 46 94 72 36 75 8 69
59 56 42 28 88 45 39 40 94 25
37 20 65 6 91 60 6 88 43 39
84 53 14 24 67 51 68 25 51 32
77 67 69 52 53 18 2 22 61 7
62 98 81 31 2 97 46 70 1 41
46 6 24 25 29 41 17 43 45 14
86 79 60 34 25 42 75 7 21 80
79 14 30 18 50 46 20 84 86 68
19 28 55 58 61 89 88 37 20 51
27 93 20 35 94 53 82 63 18 81
18 1 54 20 3 43 65 22 67 31
74 74 17 68 6 49 3 59 35 74
7 46 84 49 30 90 17 19 99 11
45 32 99 72 90 9 89 70 20 85
10 63 26 76 58 60 45 56 17 69
60 59 10 90 62 33 41 36 82 2
43 47 92 43 57 76 47 95 2 94
98 73 1 100 41 94 15 6 59 71
93 76 32 74 88 12 19 8 98 16
94 22 9 24 8 99 56 96 90 64
4 100 24 95 56 31 47 74 23 54
24 25 44 74 54 21 68 6 87 29
70 8 74 56 82 50 21 12 34 52
59 30 55 75 32 25 74 99 82 5
33 64 91 32 17 49 49 99 17 57
56 41 70 25 51 65 6 63 29 89
34 62 61 23 5 42 69 11 70 17
91 63 9 6 87 58 40 47 64 98
42 95 83 9 5 43 69 54 93 42
17 6 61 24 90 2 96 27 13 22
38 11 53 73 42 74 40 19 88 69
5 27 6 62 29 67 52 55 29 46
45 35 100 22 60 25 76 86 100 41
23 3 37 87 33 9 85 35 42 99
81 98 88 60 76 19 20 95 55 49
53 90 11 18 87 8 26 78 47 22
74 100 11 70 4 17 56 3 26 94
20 97 93 42 29 9 98 69 30 24
53 10 72 91 62 76 75 9 28 80
30 65 47 58 42 24 90 56 9 94
71 91 42 97 4 8 48 26 88 7
91 59 26 52 35 63 94 5 63 22
72 98 69 91 29 67 51 88 22 88
69 93 60 15 50 63 63 98 97 21
54 93 32 32 69 67 56 9 55 52
96 7 73 73 68 34 40 72 98 70
90 84 49 72 13 55 8 58 83 30
23 17 45 56 36 76 94 4 68 29
97 61 29 20 70 64 62 46 75 18
36 56 58 98 76 88 87 61 85 95
58 90 49 18 20 16 25 33 53 76
19 44 56 65 20 69 50 98 11 84
81 88 10 24 3 81 95 19 69 44
58 1 7 95 78 10 45 38 72 74
87 83 82 57 52 82 48 100 6 61
21 21 72 68 78 79 73 22 91 35
93 92 41 15 42 99 28 85 15 100
36 56 100 67 91 28 16 54 50 1
15 3 85 79 59 34 65 19 79 14
41 89 79 14 39 8 59 10 89 89
96 1 21 92 60 94 9 82 46 1
93 38 49 76 60 95 9 60 28 27
2 42 91 33 94 9 25 30 60 38
2 94 2 81 63 62 20 52 14 35
80 100 60 12 100 92 51 3 31 66
56 83 32 3 53 64 48 62 49 79
92 67 71 99 88 72 38 30 73 80
13 54 1 95 71 41 38 7 41 47
81 67 97 1 29 45 38 87 4 57
61 95 19 52 92 53 70 76 99 2
21 24 80 33 63 25 23 68 92 31
30 17 99 73 1 97 12 32 99 10
23 28 70 84 12 42 10 2 76 61
37 1 74 14 19 97 47 85 55 98
54 61 4 8 65 94 94 75 68 34
13 61 21 24 21 60 66 25 4 63
12 89 63 67 81 67 53 37 32 2
43 47 11 45 33 11 85 80 77 45
90 46 78 29 70 2 96 17 48 1
89 25 60 64 23 87 71 13 37 58
5 43 11 36 100 61 88 17 100 84
47 58 39 24 42 32 100 50 50 26
61 80 53 68 100 9 28 43 34 53
98 65 83 50 79 89 90 29 88 58
16 49 46 72 31 56 49 11 53 26
58 50 39 1 12 17 56 65 18 92
14 33 95 62 65 91 24 72 82 46
68 69 66 19 33 41 49 49 22 45
34 28 98 96 64 83 93 10 66 16
46 64 39 50 11 87 15 44 76 50
49 44 72 68 93 82 82 29 78 44
57 91 13 92 53 83 8 94 40 100
81 40 89 92 69 77 64 64 60 5
30 68 83 77 77 73 58 24 6 52
67 62 53 59 30 5 43 33 4 48
47 80 81 83 81 63 68 20 46 82
17 15 91 59 79 26 32 37 76 26
2 36 21 64 62 96 44 52 75 100
37 29 13 25 28 60 76 92 4 95
87 2 48 21 39 79 42 38 35 5
71 69 26 11 5 44 63 9 89 86
25 6 62 37 30 73 30 81 33 28
75 28 42 86 36 54 22 64 14 84
21 4 62 77 91 25 86 46 66 4
73 19 40 20 50 58 81 20 44 96
22 77 57 89 7 52 88 35 70 12
34 41 82 55 71 75 88 82 93 1
37 54 84 42 69 48 52 65 82 44
92 79 67 54 80 40 55 52 63 12
37 92 14 6 18 4 58 79 34 3
4 97 45 93 38 68 15 55 92 37
31 50 10 18 98 64 24 16 98 80
22 8 71 75 47 26 99 88 77 12
47 23 59 68 45 31 37 3 16 9
90 4 96 52 17 50 43 96 45 29
79 98 7 8 1 97 38 62 64 19
63 33 39 97 95 9 73 97 64 39
46 55 1 27 16 63 16 2 34 58
27 91 85 94 45 66 55 34 59 69
39 94 39 8 47 45 8 17 73 7
97 72 50 6 83 84 40 24 7 72
44 21 52 76 83 60 73 31 3 17
29 7 84 32 48 92 71 11 42 57
51 56 45 46 89 67 91 2 81 49
42 30 45 3 3 90 83 99 92 8
22 61 20 79 59 37 15 47 52 59
98 53 46 35 19 22 27 79 97 96
95 100 89 35 99 64 83 78 31 50
44 39 87 25 86 84 21 81 28 74
73 80 73 5 36 73 18 72 31 89
29 48 93 88 35 96 61 38 72 51
18 48 13 7 90 92 23 7 42 16
50 78 72 35 19 25 60 6 43 98
2 44 43 98 73 92 100 38 19 79
94 43 17 2 54 68 79 81 45 25
57 11 47 57 1 20 35 8 70 65
42 77 26 17 13 70 72 9 88 7
53 44 23 83 54 99 47 10 25 77
91 45 29 12 53 11 90 51 73 21
8 100 70 26 58 45 51 16 53 31
57 96 20 90 99 1 88 33 70 30
14 89 56 59 47 29 50 85 50 83
78 16 5 15 80 1 20 5 50 91
11 37 15 89 64 3 87 60 28 62
6 45 63 35 47 32 45 44 77 26
92 46 48 76 9 41 41 11 35 6
50 47 5 25 43 43 52 50 42 3
73 88 67 20 64 46 63 11 45 53
65 73 79 11 25 76 34 27 73 66
78 13 34 57 13 51 35 85 33 52
17 35 72 58 50 25 46 5 99 56
29 21 94 72 95 77 1 77 37 52
16 41 55 88 44 62 18 11 79 36
27 89 80 24 15 100 10 17 69 99
79 4 32 71 80 8 43 88 58 37
18 78 18 77 11 64 25 41 13 34
44 63 29 28 68 33 43 70 67 46
42 3 11 54 61 95 79 73 73 68
30 59 47 5 50 92 54 39 93 11
32 8 7 54 50 70 58 68 93 40
29 87 61 92 67 69 42 88 23 51
20 91 90 50 15 72 49 31 10 94
26 45 9 28 96 18 73 30 71 61
53 95 48 95 80 70 89 20 90 14
80 31 87 65 59 15 7 73 76 30
6 45 86 23 61 69 64 7 42 40
90 70 57 70 96 88 97 28 18 40
97 85 35 44 37 48 48 74 7 94
13 14 69 7 60 3 90 85 81 72
69 69 14 9 94 98 69 51 74 29
53 8 62 77 2 27 16 89 13 97
20 88 75 13 56 91 28 14 23 34
62 33 73 84 32 100 49 96 9 70
81 14 27 62 27 66 54 9 2 88
48 78 27 60 49 7 12 27 53 84
63 24 4 81 34 18 20 51 67 65
66 88 55 37 16 31 50 87 84 25
77 89 94 17 58 90 61 96 43 6
8 84 72 87 67 5 86 79 68 63
38 22 64 83 98 19 71 93 2 18
89 53 28 92 75 44 92 72 65 90
26 53 7 98 81 79 61 38 21 70
25 53 13 56 15 79 93 36 67 66
81 99 77 77 63 94 62 53 86 83
58 34 33 20 84 24 19 2 75 36
28 46 80 9 41 5 36 75 40 24
91 7 61 58 1 73 65 52 58 72
24 73 19 44 87 9 79 93 72 56
18 73 52 88 54 69 36 61 9 100
30 12 43 58 61 80 20 23 62 70
12 50 94 86 75 83 42 15 60 19
66 5 93 75 79 4 31 27 59 2
55 97 31 79 67 97 38 88 79 54
25 19 53 78 85 97 92 52 86 100
62 66 69 85 91 59 45 59 3 53
36 46 37 29 8 40 8 25 9 58
22 97 92 68 53 25 20 85 87 7
70 82 61 50 31 19 14 17 75 22
43 55 97 31 88 8 61 52 94 77
92 51 20 78 13 57 16 5 1 22
72 6 61 64 61 59 34 72 20 13
40 48 12 53 35 16 62 54 95 45
37 55 80 78 35 29 26 80 85 68
85 91 13 76 23 71 15 98 78 22
96 5 43 74 74 82 99 17 14 75
9 83 68 88 33 81 3 24 51 100
85 18 90 27 27 7 21 25 69 66
88 56 51 100 30 49 50 21 4 57
99 73 14 48 88 16 97 51 39 46
19 91 79 48 14 88 92 73 47 42
28 47 44 98 42 28 23 88 93 48
72 50 2 78 74 41 53 99 52 56
75 70 12 100 57 12 92 42 88 71
77 47 50 36 40 55 14 39 85 42
86 14 94 100 91 100 72 24 79 54
76 11 14 78 40 35 51 13 69 88
64 96 50 24 64 84 67 91 77 31
100 6 65 51 17 37 91 14 2 72
70 11 47 54 20 98 41 82 66 16
99 100 23 30 70 85 14 74 15 26
97 100 86 41 72 96 60 66 91 64
86 56 74 99 56 66 20 63 98 43
45 94 74 87 45 63 36 64 24 10
14 59 24 13 30 29 24 47 52 53
67 98 14 55 67 58 55 1 43 100
90 100 58 91 75 93 17 35 97 41
95 47 81 16 30 12 48 50 18 40
94 24 39 17 13 83 53 68 27 52
76 43 66 2 9 11 47 12 7 9
30 82 21 33 11 25 86 35 71 79
52 55 48 97 42 66 36 53 1 14
77 32 48 73 41 83 76 38 96 26
49 60 43 15 31 84 78 13 57 66
52 17 75 37 50 39 36 32 79 56
95 67 56 87 38 74 18 1 72 73
22 79 58 98 6 21 61 79 69 31
21 16 6 42 59 59 49 43 30 81
24 70 17 93 4 35 12 30 38 98
32 100 67 64 72 6 3 59 40 83
44 1 19 16 68 86 5 92 71 33
30 10 3 93 53 92 19 22 77 27
50 93 25 79 86 45 16 18 15 5
18 92 13 92 23 45 77 32 59 13
6 95 26 33 94 100 23 53 52 11
69 99 12 94 88 62 56 93 90 2
18 29 100 9 47 15 32 81 89 48
67 31 22 31 86 83 31 28 35 39
26 94 57 88 11 39 94 29 97 60
89 89 16 87 18 37 10 48 95 75
9 33 48 41 3 38 88 44 51 82
70 99 83 25 81 30 11 60 33 59
24 68 36 9 95 41 24 3 12 88
59 52 55 98 92 4 13 15 70 13
58 69 81 100 50 82 10 68 28 69
26 18 21 23 54 65 100 6 9 3
96 19 34 35 41 63 85 45 84 92
9 71 15 54 29 88 38 57 24 91
26 77 62 75 45 66 51 24 42 20
43 79 45 13 97 94 85 87 59 87
30 82 22 100 61 45 38 70 56 59
22 98 40 29 59 45 53 30 36 36
22 40 46 9 8 54 4 25 49 19
66 2 84 66 98 8 51 2 73 27
61 58 59 79 23 72 53 51 45 42
60 82 91 58 80 34 66 86 47 46
99 73 77 86 62 93 41 85 24 67
45 47 26 42 3 38 21 39 6 15
50 33 80 34 25 55 66 2 7 88
17 26 83 33 7 70 53 12 59 88
95 21 48 83 33 3 16 19 68 69
47 80 20 82 52 60 30 62 30 43
36 70 100 29 52 76 62 40 30 26
56 47 69 72 5 40 93 50 69 78
11 42 30 41 58 87 39 32 72 63
67 64 9 96 7 97 86 26 17 95
89 73 67 92 84 58 57 82 93 43
68 66 55 45 24 19 69 53 59 79
29 10 38 71 84 37 8 44 60 30
12 23 14 30 8 14 80 84 65 68
63 54 19 42 40 60 23 47 38 11
43 49 72 72 86 15 12 41 14 84
27 60 79 7 62 43 50 44 85 75
38 12 72 56 10 11 36 80 83 88
