500 6 2
250 250
69 18 19 12 97 50
52 31 45 8 70 82
78 34 38 49 74 59
51 79 45 18 39 59
52 26 23 85 28 40
30 79 100 48 43 89
71 96 39 36 54 11
89 76 64 92 43 62
70 63 68 91 89 66
39 97 35 85 84 83
86 26 48 24 19 67
32 93 68 31 52 93
98 51 30 36 52 13
72 13 34 22 2 86
87 19 31 34 6 68
92 76 86 18 73 21
7 35 55 50 9 4
20 12 65 61 60 58
38 94 87 13 55 49
6 60 47 95 100 51
99 17 29 85 60 88
76 14 72 47 59 67
54 59 62 32 75 8
38 42 33 79 45 88
32 22 36 93 100 2
77 52 15 12 99 66
98 28 76 85 26 47
30 94 79 82 2 60
61 58 85 10 52 63
16 81 62 13 32 32
95 93 69 17 22 58
12 45 43 68 82 72
83 71 87 23 84 68
17 46 77 80 78 58
25 16 35 81 59 41
21 94 13 56 12 92
66 94 94 84 18 7
51 6 90 18 95 8
17 21 100 82 28 67
73 33 29 38 77 80
87 55 40 2 8 15
56 95 26 29 18 63
72 86 76 80 69 38
5 2 29 70 58 21
30 85 53 31 52 30
56 43 26 37 94 36
76 66 67 50 76 5
66 99 51 72 96 36
4 51 17 33 58 16
27 27 89 50 93 21
73 4 48 21 59 30
28 19 43 33 62 50
83 83 9 78 97 74
38 86 31 90 75 95
26 5 13 41 13 19
64 98 80 100 43 70
86 98 36 21 86 55
57 41 24 52 21 22
75 80 72 47 74 66
76 67 72 18 66 87
38 22 49 57 99 47
16 10 63 100 81 89
71 89 55 25 35 65
7 74 12 26 4 12
87 63 15 56 6 97
68 87 87 2 90 93
53 33 28 4 65 98
54 7 19 46 49 5
76 4 65 11 78 79
82 37 36 55 46 66
85 86 54 8 58 98
62 25 56 9 52 55
72 86 46 75 3 48
50 35 28 60 67 83
78 55 38 57 97 45
75 94 23 6 52 38
22 35 64 47 13 17
19 42 88 46 55 15
56 10 47 9 14 50
72 74 78 58 47 29
83 36 72 46 12 44
56 83 61 53 45 5
62 37 94 66 72 24
11 5 20 51 85 73
39 48 57 88 54 42
15 96 93 22 15 84
83 82 13 83 23 53
50 93 32 71 75 33
9 41 27 31 10 21
69 51 64 50 75 67
58 5 88 79 92 4
49 92 82 32 45 66
6 70 86 83 28 37
19 57 92 15 81 72
2 67 99 15 1 58
38 24 25 95 95 90
7 36 83 69 72 16
93 14 63 75 26 69
41 3 88 86 39 25
15 6 55 9 22 60
27 90 31 6 89 57
2 75 55 87 99 52
67 56 80 66 35 95
21 49 85 31 26 55
30 81 62 39 50 50
13 21 35 19 39 84
32 93 4 81 96 38
96 57 81 96 10 35
9 63 56 19 57 60
58 68 72 37 1 63
56 11 83 3 1 32
10 63 59 53 36 42
5 96 51 49 12 47
83 57 96 91 13 3
18 4 13 97 85 15
32 38 23 87 6 40
78 16 38 20 95 49
10 1 76 38 13 35
39 59 37 63 46 69
73 99 9 81 75 13
17 64 81 98 96 29
77 85 16 69 68 70
5 92 75 45 45 79
16 80 60 11 18 76
72 89 32 57 85 63
55 37 82 37 25 80
59 54 93 11 7 40
35 49 46 57 5 74
45 62 18 60 38 41
74 33 13 92 54 78
72 53 92 20 23 97
45 84 1 77 55 54
56 81 22 27 36 77
10 92 76 77 68 19
84 82 69 31 11 43
34 38 54 87 79 46
100 46 4 51 7 69
2 67 73 43 40 51
54 48 75 18 12 2
95 72 60 37 32 99
24 29 1 42 87 59
9 60 5 82 51 73
73 39 68 5 93 81
38 100 62 76 21 35
23 72 22 19 10 74
20 97 53 83 35 93
27 78 49 20 1 73
44 21 52 44 58 38
22 91 39 78 55 39
90 49 28 71 8 91
10 46 11 38 1 30
15 98 96 38 44 76
80 71 7 2 16 21
54 81 8 74 97 25
28 74 57 80 69 46
10 19 50 37 28 29
57 66 92 90 67 22
36 75 59 34 6 43
48 42 51 55 31 18
82 54 81 92 70 81
12 55 78 25 38 31
74 53 100 50 80 76
68 31 18 88 87 82
49 92 63 1 7 75
27 10 84 14 34 21
9 79 75 28 62 44
28 10 6 56 32 32
82 20 28 32 4 61
87 82 18 57 42 22
26 53 31 75 54 78
84 63 72 37 77 66
60 67 73 69 27 76
37 1 34 32 25 38
30 96 19 46 17 55
5 87 61 38 45 34
58 54 68 91 91 45
15 53 80 9 8 70
100 88 62 56 77 3
83 8 80 53 66 65
52 96 1 1 50 73
35 89 60 26 68 57
64 41 63 99 26 3
47 4 99 74 22 7
53 50 73 73 34 81
50 61 33 92 21 67
65 78 51 39 34 14
31 34 19 47 1 9
20 22 20 91 68 21
35 99 25 92 53 88
41 66 71 71 2 85
45 2 98 64 70 11
96 60 17 79 2 33
63 77 37 16 23 99
19 45 80 58 26 49
28 12 20 14 66 48
82 4 4 62 62 63
64 24 62 45 71 24
87 15 12 97 70 87
95 91 52 36 75 66
28 71 33 2 85 50
2 90 61 48 73 8
27 91 100 74 33 22
21 90 14 62 47 13
23 82 27 93 93 30
86 60 36 83 45 50
90 50 87 100 87 88
88 82 69 28 54 43
3 85 2 21 48 45
20 79 25 9 86 91
66 6 62 54 16 63
20 24 11 93 9 61
3 6 88 17 57 32
59 40 92 47 4 57
71 95 97 56 66 83
73 51 83 8 87 90
35 43 48 52 36 40
1 41 90 43 80 73
52 73 73 57 6 62
42 16 88 1 22 31
67 94 98 64 66 95
68 8 32 32 44 23
99 32 25 25 56 86
30 92 45 87 76 59
21 57 56 10 69 18
31 51 69 1 90 18
86 6 35 49 21 65
55 10 20 27 90 71
28 72 83 79 7 70
85 92 90 96 33 87
7 17 65 100 45 53
18 90 33 65 81 74
5 83 95 23 87 47
88 84 85 20 1 16
69 77 3 21 78 70
56 91 7 41 32 85
43 28 54 71 9 97
12 15 23 28 7 89
50 56 57 27 10 88
30 88 34 64 89 88
19 4 74 55 97 3
74 55 50 7 43 9
48 78 34 49 27 70
47 48 49 68 73 47
66 51 93 46 1 46
47 3 4 1 4 11
65 97 76 44 80 65
14 76 53 6 59 96
71 59 97 87 61 71
58 32 99 13 7 88
22 79 53 52 82 1
48 33 20 44 84 39
94 89 5 71 71 98
34 41 37 96 94 82
73 81 21 89 66 34
20 65 85 70 93 33
3 68 46 99 81 51
61 68 33 26 19 35
83 12 5 85 79 37
98 85 87 22 23 48
88 86 84 18 18 15
37 16 69 4 47 81
85 8 62 23 89 47
2 96 21 94 90 15
95 17 71 17 39 25
62 98 23 38 40 33
21 55 33 32 22 88
6 58 28 98 34 98
92 43 48 44 14 51
94 7 23 97 91 100
49 64 91 32 76 60
42 25 16 60 26 83
51 36 7 59 26 43
41 60 25 45 26 21
52 46 37 48 61 44
85 8 97 1 50 35
20 54 90 45 36 42
100 75 27 89 11 19
98 68 19 37 65 66
37 44 84 21 14 82
16 29 92 40 23 67
36 84 51 11 2 14
24 85 53 85 58 27
29 79 83 88 46 38
48 70 90 54 32 44
72 86 72 50 44 27
47 69 86 81 66 92
6 80 67 9 88 42
80 7 19 90 74 30
46 96 56 69 9 77
35 81 24 69 88 85
82 55 24 13 94 6
64 36 52 2 50 52
33 38 56 21 10 61
78 69 18 32 36 35
57 30 20 94 75 93
21 66 84 17 14 59
47 96 74 89 59 56
37 77 85 67 20 90
49 14 8 95 80 50
38 52 98 33 90 60
83 24 67 80 33 90
84 100 91 52 8 62
77 70 77 13 83 86
26 74 73 82 91 5
50 56 81 77 67 61
46 21 40 4 37 92
97 39 30 65 16 66
38 11 80 82 33 9
99 98 39 6 9 18
5 17 45 94 40 43
82 10 29 54 79 50
51 97 40 40 28 48
73 79 98 44 84 19
41 20 60 66 41 60
93 35 42 12 9 20
65 67 67 93 88 70
6 80 60 94 58 34
7 57 9 60 12 53
86 12 86 16 89 46
63 37 22 69 95 99
59 90 17 3 9 62
72 34 55 56 91 88
42 3 52 99 33 7
45 69 32 21 11 19
80 52 47 76 24 73
69 5 67 81 37 7
36 54 49 12 77 63
21 13 58 71 21 78
3 83 86 46 10 98
46 59 89 38 26 92
57 26 16 93 55 27
33 29 23 57 52 45
38 3 69 80 60 31
3 24 39 65 41 63
63 70 65 61 54 12
36 41 31 73 1 100
26 94 94 37 17 10
39 45 59 23 20 60
25 99 85 49 64 27
69 59 31 44 64 54
40 70 50 4 55 91
86 6 13 67 35 55
96 23 96 15 68 60
72 75 14 85 56 21
63 46 29 88 23 42
70 2 10 60 31 2
12 80 43 21 53 70
56 37 43 20 49 98
84 17 3 28 58 3
30 72 75 27 62 100
99 57 67 71 15 64
24 33 56 69 88 3
89 5 36 57 55 10
5 49 25 60 74 53
62 88 93 22 6 63
88 50 97 39 57 5
22 12 58 35 34 65
49 98 98 23 46 30
65 84 29 33 38 41
42 89 51 56 82 35
66 11 38 23 65 1
36 42 50 17 83 73
33 12 45 7 39 16
90 56 6 35 27 43
57 48 14 79 20 77
80 95 32 100 6 100
34 51 3 45 44 35
27 51 55 79 3 74
31 30 69 86 80 1
71 50 88 78 11 99
25 74 42 11 39 56
23 29 7 52 87 62
69 54 82 52 12 78
95 6 52 12 72 20
70 40 38 77 11 37
71 4 93 56 45 46
91 64 62 39 75 2
7 10 30 2 10 97
53 1 96 7 66 77
88 24 61 21 81 90
15 60 65 3 53 65
61 66 99 40 67 67
61 47 47 89 15 84
78 37 6 84 75 53
74 97 51 70 3 46
21 26 56 62 46 65
4 53 58 23 48 41
2 17 83 8 68 8
66 44 17 59 57 96
3 72 89 19 2 13
82 95 63 36 36 13
20 35 90 85 21 57
80 93 31 41 49 43
33 53 76 50 6 33
42 55 95 71 39 12
77 79 29 99 42 59
15 32 39 93 21 66
6 22 13 46 18 42
69 27 65 65 1 6
79 67 73 66 65 66
89 28 27 83 49 32
91 18 37 14 27 23
100 92 11 41 75 54
57 11 3 64 28 55
15 87 59 95 87 83
19 56 96 97 52 77
69 34 32 42 93 80
23 15 87 25 75 84
69 78 24 77 20 14
32 34 70 99 20 94
13 3 62 9 82 47
71 17 26 52 93 15
98 46 54 90 83 96
6 73 61 21 53 96
97 57 63 73 96 68
65 19 77 75 40 80
37 40 9 56 64 16
58 44 3 24 29 53
44 35 26 4 96 75
38 49 30 73 39 91
22 49 40 65 21 43
95 49 43 46 13 64
66 34 25 59 22 45
62 62 8 16 47 10
33 7 65 79 77 48
91 60 16 63 65 56
48 8 60 92 25 30
93 71 7 5 8 35
95 10 19 33 65 38
71 30 7 61 57 46
25 10 68 44 55 56
91 56 3 19 62 65
30 73 84 36 35 75
50 38 65 60 86 64
34 28 14 19 24 89
60 8 81 88 68 55
26 89 90 9 61 84
68 26 23 11 39 42
72 100 67 97 86 75
67 85 80 63 55 69
67 6 37 26 92 89
94 36 37 46 55 99
56 14 38 69 17 6
41 13 44 43 18 99
59 100 7 31 45 24
10 72 40 66 1 99
78 14 31 77 67 67
42 39 29 81 18 98
21 34 45 60 38 96
94 18 86 93 36 46
8 75 33 88 29 74
68 16 8 81 59 43
35 19 22 82 95 13
50 9 18 8 45 48
76 25 41 51 49 94
38 5 73 61 37 56
87 9 28 41 86 95
74 37 93 69 70 64
49 5 7 14 64 13
58 89 21 38 100 2
25 30 53 64 77 37
47 18 55 81 56 17
68 20 53 83 48 8
69 58 80 58 59 74
17 80 44 66 10 84
76 69 11 35 95 39
28 16 71 74 95 13
33 99 7 92 28 36
3 77 49 68 27 45
54 71 83 74 44 69
1 71 29 70 85 100
95 1 62 52 3 58
53 44 100 7 13 52
93 15 29 32 39 41
46 100 35 95 97 13
46 71 58 13 96 93
87 44 79 4 29 37
45 45 49 55 39 14
52 4 37 66 63 30
58 1 9 29 76 61
19 11 73 18 49 97
32 62 26 15 59 34
5 28 55 76 94 34
69 44 56 96 98 43
19 43 16 16 30 52
39 49 65 43 99 48
83 84 76 39 11 12
56 88 26 100 24 13
20 42 80 10 70 29
41 20 41 86 56 81
6 69 67 73 54 39
92 36 56 24 48 42
11 37 45 65 48 21
74 15 51 32 80 68
14 90 69 22 69 86
6 36 99 43 94 64
84 2 72 64 35 5
65 95 36 63 29 1
34 57 84 45 87 67
77 97 77 9 48 90
