150 8 2
75 75
94 42 87 59 61 33 34 9
43 28 52 14 33 82 42 97
72 52 90 73 18 86 8 93
12 34 53 62 48 23 6 27
82 31 75 89 61 95 40 31
40 98 90 5 97 100 47 59
45 82 25 63 69 97 75 19
73 43 1 49 64 93 71 36
56 47 39 70 59 1 99 5
22 71 31 15 51 22 56 5
70 20 40 18 26 61 58 71
3 48 37 4 30 93 27 61
97 16 88 76 12 10 94 50
97 63 39 97 42 41 87 44
51 36 77 58 46 15 84 7
16 22 60 41 91 7 52 22
27 92 39 21 15 97 89 47
88 15 16 67 97 14 45 31
29 37 22 22 3 67 99 95
47 13 95 96 47 72 97 7
16 41 91 81 65 26 5 93
48 43 82 77 90 89 5 67
12 78 90 5 65 82 53 75
78 96 82 13 43 8 89 85
22 61 29 29 51 38 30 63
3 6 81 15 37 49 22 22
21 87 38 5 97 86 27 35
98 64 3 52 73 82 48 43
48 24 44 10 72 75 43 11
24 7 15 24 21 94 70 92
66 18 7 8 88 96 63 22
82 35 21 29 20 99 38 54
33 37 90 28 70 23 70 88
15 12 2 56 35 36 97 73
42 30 83 92 4 81 39 78
93 86 51 73 6 11 40 62
64 35 57 66 4 76 64 88
35 98 54 42 55 27 16 63
60 91 84 55 64 38 59 93
20 12 58 18 84 57 48 100
8 100 73 26 30 37 5 19
38 26 91 92 35 8 8 87
88 3 78 72 46 3 65 91
27 13 72 7 41 25 93 25
81 96 27 1 27 31 35 97
44 37 65 18 31 85 65 53
33 59 15 73 10 79 83 35
36 2 33 32 35 37 92 88
28 37 23 59 26 52 7 68
30 73 24 83 41 26 46 24
33 20 98 48 52 92 88 64
33 37 64 94 51 65 15 17
40 82 57 71 83 33 66 51
49 26 88 74 85 90 62 23
88 18 63 79 83 77 97 47
98 86 64 92 88 67 92 33
87 42 13 42 64 35 52 12
70 9 64 100 91 77 86 56
6 81 100 92 32 80 82 70
61 6 27 28 65 52 28 94
82 29 92 88 65 70 31 57
54 52 69 19 27 99 93 69
77 95 85 37 68 88 15 39
82 57 85 48 54 63 52 51
67 17 64 22 45 44 48 52
37 25 95 80 38 83 14 20
73 70 48 95 58 93 33 16
56 31 84 3 44 92 94 43
25 34 42 74 98 24 4 70
56 85 86 4 22 99 25 82
73 56 61 6 44 63 30 77
46 18 68 30 17 21 80 11
19 78 81 33 39 36 64 60
87 50 48 77 26 2 55 71
11 60 48 24 43 57 71 95
34 86 12 69 62 77 52 32
48 59 11 14 17 78 82 43
16 91 78 75 64 17 23 95
51 8 26 98 74 53 38 45
8 91 53 97 8 27 21 91
41 59 77 48 61 70 59 35
32 57 26 14 69 29 100 34
87 17 67 74 14 1 95 40
61 13 70 87 82 87 35 63
63 33 26 6 41 17 16 87
43 24 73 22 58 19 88 38
67 2 91 28 74 12 75 89
27 15 74 97 92 59 81 30
55 13 1 32 56 7 6 58
20 63 39 40 31 3 36 58
40 1 70 19 98 57 4 78
33 25 28 79 36 96 6 23
95 57 68 19 56 30 36 14
67 38 15 40 94 16 75 93
33 34 77 69 95 3 36 79
81 51 92 16 37 88 62 81
85 13 68 96 72 18 25 41
10 32 24 80 2 6 75 71
51 72 41 67 91 65 23 83
53 9 93 82 100 75 82 43
62 6 93 45 91 18 82 99
19 86 95 74 31 64 32 46
99 51 42 2 3 94 8 56
42 87 19 30 97 84 80 63
36 60 85 48 38 82 9 83
50 79 80 91 75 69 78 30
32 90 17 13 45 77 35 26
8 27 39 1 76 92 66 46
50 33 66 48 97 90 32 29
11 21 76 77 68 69 18 39
28 53 6 74 53 70 97 87
56 38 47 62 91 14 2 16
70 85 82 49 45 92 52 23
58 76 92 9 28 76 88 75
93 21 10 93 39 58 2 33
47 24 33 64 67 17 70 2
94 69 88 23 23 74 27 56
11 6 22 63 29 92 40 24
76 98 83 47 69 30 58 17
21 51 76 32 78 54 70 53
89 48 38 64 22 57 76 90
98 48 60 12 97 62 54 83
28 38 42 33 63 92 100 34
61 26 65 72 58 28 47 79
54 31 22 45 98 13 4 54
24 9 27 56 35 47 73 16
69 100 7 52 23 92 20 27
67 9 44 12 35 82 31 13
7 46 8 16 14 8 62 62
60 86 30 63 61 24 62 22
91 25 67 9 89 81 44 20
63 46 77 56 90 8 18 1
95 22 24 22 4 72 20 64
67 13 44 48 88 10 94 47
81 38 62 45 12 94 15 79
29 31 51 78 39 87 62 16
33 14 55 41 62 95 76 13
35 39 18 69 13 15 61 1
71 79 2 92 58 54 16 92
58 86 88 26 42 53 100 97
64 35 70 53 58 42 81 58
52 15 9 51 44 16 9 18
13 55 5 55 37 4 7 76
32 77 93 63 41 74 1 13
47 28 74 35 79 99 97 69
96 26 38 34 41 55 95 26
76 16 57 11 51 64 94 16
31 42 25 26 10 74 35 54
67 55 82 74 91 40 73 81
57 30 73 48 93 68 77 53
