200 8 2
100 100
9 42 90 72 50 4 90 5
98 57 22 80 97 51 48 72
58 86 38 85 31 23 49 37
90 63 68 14 47 89 72 82
3 19 42 41 43 61 21 19
19 32 47 44 46 68 21 13
95 93 35 4 29 24 82 51
30 7 11 44 91 16 25 6
6 55 96 39 61 53 23 21
64 69 26 82 50 45 8 13
28 18 57 67 55 8 16 77
15 84 71 23 88 11 14 29
98 92 14 26 8 14 2 29
21 23 90 59 36 62 83 69
69 12 21 96 18 28 70 16
44 20 30 38 61 32 39 43
8 26 96 28 26 67 67 98
89 92 26 14 95 20 25 78
53 76 96 38 27 57 82 23
9 6 86 86 54 18 61 38
77 46 12 6 17 43 68 11
48 10 8 82 12 19 43 89
20 4 35 40 10 20 47 16
74 3 4 7 75 79 56 65
38 100 43 46 80 25 40 4
49 75 57 48 6 57 44 78
6 70 46 57 76 49 88 8
83 80 82 47 49 7 82 26
38 86 67 78 73 15 92 4
34 89 21 16 3 54 13 50
72 24 74 80 85 68 47 62
88 68 45 41 100 14 80 87
66 67 51 17 10 33 2 10
79 37 84 9 31 4 27 68
53 27 18 90 54 93 100 80
4 52 66 31 68 94 97 19
19 12 85 31 69 28 53 77
62 77 93 93 45 49 89 3
31 99 67 40 82 70 98 7
94 73 11 94 33 12 30 62
89 63 25 35 35 29 83 45
54 69 24 22 69 79 87 9
34 1 67 59 7 28 36 63
70 67 7 8 81 15 4 12
72 22 76 4 64 11 65 82
41 16 56 20 69 58 81 28
62 33 5 82 78 61 41 3
25 24 39 37 82 70 67 37
10 74 88 19 76 88 11 52
62 40 83 68 49 73 11 15
37 68 26 1 62 33 93 1
88 72 66 40 4 29 13 15
47 18 84 33 66 34 2 12
83 76 42 37 72 10 37 88
72 4 68 53 68 12 61 54
8 84 70 11 43 12 29 2
18 42 10 63 45 23 40 35
85 97 76 34 6 54 93 9
79 39 29 16 100 23 76 18
54 18 22 35 82 24 70 14
63 6 11 9 6 3 29 49
84 58 9 71 98 13 77 81
84 76 53 44 37 34 16 65
51 71 79 79 77 90 53 48
61 65 33 93 13 87 78 16
75 70 60 70 65 69 58 78
84 52 44 22 33 58 27 68
31 67 3 1 64 17 84 16
92 2 48 29 18 71 30 20
100 96 69 84 18 53 15 92
16 93 4 41 45 85 64 3
15 63 4 83 93 86 3 15
27 1 5 15 96 79 16 90
37 73 59 42 11 47 93 19
60 86 96 8 86 41 54 88
22 88 11 98 85 59 59 9
36 32 4 49 17 33 35 47
26 61 17 30 5 4 92 48
60 90 36 75 3 67 92 40
95 100 69 91 19 20 3 48
24 72 1 73 28 46 56 72
2 11 97 81 72 3 74 100
77 57 100 89 75 26 55 55
59 69 54 94 38 37 18 8
100 39 31 38 76 38 49 4
74 66 58 7 11 24 1 70
60 90 69 79 47 33 44 17
98 89 19 57 85 49 61 52
56 65 59 99 41 85 38 58
7 79 18 41 96 43 94 10
47 21 86 56 80 16 50 32
68 12 68 13 59 78 37 18
80 82 55 31 7 84 79 70
50 65 37 12 49 63 17 27
89 11 50 43 24 90 47 87
19 6 45 66 100 69 98 38
98 38 99 69 45 48 68 70
73 68 23 47 32 61 90 12
99 83 26 30 28 71 7 29
58 42 54 95 99 51 65 76
31 41 3 80 35 26 64 76
35 60 65 90 72 64 24 88
28 68 85 58 62 1 43 75
23 99 9 96 30 24 76 87
82 20 61 52 1 44 49 15
82 65 92 53 3 49 76 94
62 93 67 18 71 9 73 49
93 5 97 42 8 72 59 12
51 21 29 12 79 77 1 66
60 2 50 91 43 67 43 77
46 76 68 82 53 89 13 30
18 91 78 66 76 2 28 92
68 18 24 67 5 42 5 36
60 60 15 95 86 96 64 26
36 56 55 60 62 8 97 46
72 78 100 75 8 5 9 1
57 56 48 75 30 13 75 47
86 95 21 21 24 12 61 23
73 51 4 80 32 37 10 75
37 84 48 87 51 44 84 18
24 15 41 34 62 73 12 65
48 48 19 38 92 93 97 13
78 29 64 90 33 9 63 78
7 63 10 89 75 67 67 11
66 6 57 100 29 75 84 40
81 98 59 97 44 41 60 16
83 18 43 88 48 98 81 62
17 61 74 23 61 43 99 54
8 79 63 28 67 38 26 78
85 29 96 36 44 35 76 44
75 28 25 81 75 25 18 57
2 1 46 100 12 28 73 64
68 69 68 44 42 69 73 36
98 30 24 97 87 2 42 60
72 10 4 60 53 91 100 27
73 91 97 34 81 50 82 65
40 60 70 33 81 5 10 44
85 16 33 82 50 24 87 49
22 29 53 6 16 33 95 4
29 64 29 4 35 20 89 81
8 77 35 54 43 78 55 48
56 72 87 18 60 54 60 24
31 72 6 23 71 7 96 41
79 30 74 39 34 75 26 44
84 99 96 91 8 15 61 82
13 32 37 62 90 74 33 50
4 73 77 86 98 90 46 1
7 66 8 28 43 34 19 41
65 3 81 10 90 54 45 64
14 69 50 23 81 66 44 97
29 66 93 28 79 14 76 62
45 23 2 61 66 92 32 70
25 27 60 60 78 86 42 14
67 21 66 7 86 13 55 16
70 67 64 42 53 25 70 48
83 63 87 83 2 26 43 34
24 62 26 85 1 29 85 1
51 36 81 98 47 24 33 41
93 71 65 8 88 58 60 91
96 14 51 85 31 40 39 54
48 69 92 67 20 15 7 14
54 44 55 49 85 84 67 15
14 89 54 53 87 49 39 11
5 57 58 15 20 20 43 9
64 17 17 95 37 15 72 57
46 57 41 7 23 30 98 42
77 90 6 27 16 64 4 24
50 39 91 10 61 28 55 99
14 49 62 57 43 80 29 67
67 86 46 68 33 51 81 65
51 90 80 7 54 55 25 77
4 99 25 63 25 10 32 34
25 77 57 54 76 9 88 64
51 93 9 40 10 12 72 66
52 49 8 32 71 43 32 4
95 37 17 3 51 37 81 48
43 91 10 48 14 46 30 17
65 59 14 52 59 3 35 93
96 99 4 52 33 23 34 9
70 91 31 9 47 65 82 41
96 6 27 24 90 94 28 43
76 83 15 69 29 18 80 11
73 2 6 12 26 95 60 76
68 51 79 47 32 25 39 40
84 22 69 86 33 64 8 24
50 3 98 47 48 52 22 81
44 23 38 52 10 22 26 97
32 91 92 30 90 32 50 89
86 22 22 72 30 41 24 55
62 44 62 2 100 27 66 59
67 36 99 44 97 10 27 37
35 29 13 2 54 26 5 63
100 79 1 97 18 79 65 14
46 89 26 11 20 41 19 25
45 52 77 39 53 13 51 12
35 13 20 54 15 35 10 8
5 3 74 21 97 17 81 56
60 79 60 34 15 47 21 32
2 71 85 53 24 70 23 95
63 29 65 53 58 59 32 4
