500 8 2
250 250
79 67 19 74 3 75 14 67
48 100 11 40 66 62 60 96
90 28 99 63 26 36 83 76
95 57 98 92 95 29 69 34
27 67 20 16 51 32 19 28
95 41 33 11 23 82 59 31
51 76 43 78 74 51 6 5
78 60 75 61 59 1 5 70
36 85 2 19 34 13 89 70
60 27 71 90 21 19 10 65
35 6 97 72 81 70 48 3
93 23 38 14 31 47 12 63
9 25 71 84 17 73 58 64
92 43 36 54 21 99 15 85
83 15 5 38 74 67 89 37
25 77 3 49 95 68 72 81
64 99 93 82 75 58 95 98
80 77 85 22 96 92 88 32
80 31 44 38 21 96 41 73
84 57 11 30 30 75 82 61
93 32 50 12 63 41 12 9
21 80 82 61 2 100 63 92
26 36 92 78 9 40 70 35
81 76 97 15 97 92 73 15
58 95 14 81 3 82 91 45
18 50 84 32 80 74 34 8
43 1 19 96 48 78 41 67
38 21 86 5 47 79 66 56
95 55 52 14 1 6 44 49
96 46 43 44 79 49 14 28
95 59 98 84 3 85 82 35
20 80 20 18 60 88 41 55
61 58 56 80 92 16 90 65
48 21 47 48 97 10 26 64
44 95 47 28 45 49 80 49
91 88 96 88 100 36 37 14
90 31 87 51 4 22 62 79
5 86 72 47 62 84 9 85
21 63 94 82 31 18 97 9
97 3 43 97 4 11 81 73
87 16 63 87 48 1 39 73
32 94 73 33 23 49 60 34
33 30 69 60 7 68 16 75
75 1 14 14 93 93 31 38
40 20 52 34 39 80 98 11
43 52 86 52 79 77 94 68
83 39 14 53 39 4 4 68
81 3 14 82 4 11 54 31
56 100 6 64 32 42 97 51
50 56 65 88 22 98 30 20
22 9 28 74 66 71 13 90
49 22 36 7 52 16 24 74
25 62 11 24 94 61 81 75
33 55 40 79 11 85 3 98
28 44 27 27 79 10 88 70
76 36 42 91 14 85 46 85
13 95 64 23 90 59 12 52
30 31 1 55 71 74 2 92
6 81 39 1 23 21 18 36
25 87 53 81 43 47 9 13
68 26 76 36 4 90 23 20
62 17 6 94 13 99 31 20
9 54 16 90 30 62 4 15
57 7 74 38 99 32 54 88
64 94 100 35 80 44 100 99
72 28 18 20 86 59 96 92
96 88 75 34 71 68 44 51
93 62 36 47 10 53 79 96
63 64 81 45 84 87 88 20
1 26 56 6 47 3 17 1
4 16 60 89 33 95 61 56
91 28 72 32 60 4 60 91
1 48 38 28 3 11 22 90
78 2 88 17 57 51 63 40
49 21 38 22 28 94 41 76
55 89 9 13 96 85 1 14
5 66 62 86 52 23 79 73
41 90 32 72 8 25 16 38
51 3 7 29 16 5 99 96
69 63 91 80 65 59 10 52
29 23 46 95 27 50 63 3
81 1 96 31 67 20 60 32
89 73 43 80 63 74 77 55
51 46 27 91 74 23 95 12
17 12 36 59 60 71 9 12
14 86 30 5 52 88 86 55
72 67 56 84 20 5 60 97
35 89 59 96 75 15 93 31
96 50 9 93 18 79 12 97
72 21 17 99 28 57 34 50
43 91 91 89 25 24 19 40
83 96 59 93 75 37 13 95
80 25 77 30 19 59 85 99
27 17 77 70 28 66 55 12
3 88 33 94 32 78 78 77
11 45 52 97 73 6 17 100
20 81 10 49 69 100 37 16
30 59 99 17 4 31 96 56
63 30 53 99 68 54 8 93
50 42 61 43 17 34 14 26
58 22 94 36 34 25 80 34
86 63 6 92 99 35 10 5
21 35 70 70 9 27 46 16
26 87 76 10 92 29 89 43
20 40 6 62 25 50 62 91
46 67 33 39 43 40 98 5
59 8 42 34 84 26 37 89
70 80 56 73 30 17 49 35
28 72 15 89 23 68 17 57
27 37 40 56 77 28 67 69
73 11 82 98 7 33 2 63
46 38 43 74 43 1 96 58
38 78 10 5 12 54 51 45
56 5 40 83 1 65 16 40
22 53 95 93 28 1 31 22
13 51 14 28 87 32 30 17
7 46 55 76 53 2 44 48
41 33 64 13 47 87 53 84
4 11 47 42 12 2 1 31
2 46 49 44 44 13 74 65
74 23 64 30 68 79 81 94
66 93 41 32 74 21 25 1
58 65 51 55 46 95 22 5
26 95 27 74 33 26 17 38
82 69 3 64 62 10 11 35
7 84 7 81 96 17 84 73
86 73 84 46 64 24 100 7
13 32 50 93 47 81 96 2
10 36 20 71 65 87 21 53
81 64 41 41 23 15 75 23
10 60 26 80 5 35 32 71
62 5 88 93 10 96 89 37
39 76 96 3 94 97 51 95
13 13 20 49 41 37 43 11
43 34 28 38 88 23 28 50
23 47 47 15 65 98 44 35
39 64 20 46 46 87 13 35
33 19 6 34 5 95 74 44
92 31 96 14 19 5 47 84
8 78 70 93 85 48 26 31
84 62 97 31 19 40 57 56
92 87 51 80 61 35 56 23
83 80 12 32 20 11 72 1
20 24 55 31 5 92 92 56
92 91 70 61 45 90 45 59
11 78 37 13 98 2 63 5
13 95 70 91 79 8 97 35
13 70 4 5 83 42 88 15
82 40 75 72 66 46 59 100
45 68 27 15 17 23 72 93
23 98 43 33 36 41 49 77
71 30 91 87 89 73 77 90
70 94 20 11 19 60 34 48
84 35 54 58 32 27 95 53
5 51 72 37 81 9 32 45
18 48 58 94 9 53 88 68
76 89 82 44 53 2 6 69
69 69 29 73 89 84 43 58
20 34 81 39 83 58 89 82
48 20 41 63 88 92 86 94
67 93 42 88 74 71 1 36
36 10 72 31 16 64 12 48
55 29 17 73 51 99 3 75
82 43 12 53 81 20 76 53
19 9 31 62 9 28 37 65
88 6 73 59 97 32 97 22
96 43 16 44 2 57 8 6
52 90 49 70 48 89 26 66
3 6 10 78 98 54 52 71
89 1 76 77 66 59 26 59
30 47 91 17 77 39 39 22
8 5 38 14 55 98 14 24
3 74 74 37 9 32 66 56
81 49 85 62 33 61 22 52
69 42 48 41 60 31 92 30
49 30 88 58 18 49 7 40
49 2 76 69 82 56 54 15
33 42 3 33 31 66 92 75
5 58 26 88 37 18 25 24
79 53 81 46 54 16 55 26
84 87 81 83 95 62 57 75
6 79 83 63 89 99 38 80
79 64 63 26 74 28 69 27
91 79 40 18 77 54 19 97
54 56 46 52 54 88 12 50
53 48 18 22 27 1 93 4
91 13 83 10 23 5 79 66
76 32 30 61 97 24 19 100
14 30 17 19 11 58 3 28
33 38 49 34 83 62 82 14
18 10 13 1 47 1 93 68
49 74 75 84 65 40 9 65
77 97 63 25 4 85 49 80
59 75 96 66 59 93 11 74
68 4 24 13 75 1 32 80
13 61 5 16 26 51 76 85
66 19 23 70 26 8 3 94
69 84 16 43 91 7 80 33
56 4 93 77 85 64 16 22
37 8 28 35 9 41 62 19
12 65 84 93 13 50 86 35
14 73 92 83 51 39 13 41
4 24 95 38 4 96 6 50
64 93 27 15 35 56 18 22
62 58 87 76 65 98 42 29
88 44 37 58 69 82 28 94
70 45 18 74 36 44 73 61
44 79 79 2 52 53 75 91
20 64 53 76 82 16 16 72
61 33 29 89 77 55 19 91
93 15 2 39 21 17 90 12
89 62 3 14 96 81 44 55
5 90 33 86 36 69 65 68
57 65 70 49 87 85 71 34
74 59 5 31 11 32 53 65
59 45 28 67 79 79 39 67
50 16 87 10 58 92 84 82
48 46 69 7 85 30 91 38
75 27 91 87 71 83 21 61
65 37 97 25 92 6 30 38
3 50 88 72 58 65 63 31
69 70 51 89 55 12 78 75
44 55 47 3 14 38 84 19
3 77 77 71 49 87 13 91
74 8 48 48 64 23 66 88
65 55 93 66 27 82 3 35
68 65 22 73 51 60 60 53
11 80 15 14 40 98 14 35
97 20 69 22 90 90 41 23
62 8 77 63 50 12 24 24
48 75 93 66 71 48 6 24
51 13 3 11 20 60 8 72
14 55 24 67 27 35 46 53
62 6 80 3 89 6 23 72
99 46 53 10 46 12 70 7
18 92 79 13 19 70 72 23
94 82 55 50 59 59 6 38
58 10 79 64 46 41 65 79
75 48 26 21 59 68 51 93
67 8 43 47 78 51 58 84
66 45 5 67 5 97 95 80
85 2 86 70 13 31 90 79
24 53 11 38 56 55 96 8
76 73 7 12 5 29 94 99
89 69 68 96 86 55 38 64
83 43 6 2 40 14 18 30
60 47 42 97 31 86 20 60
26 93 64 5 66 35 5 68
33 94 65 79 16 66 46 15
99 60 19 36 34 70 92 31
64 82 79 23 21 11 43 12
6 70 88 72 91 31 65 76
98 22 51 29 18 75 70 84
99 58 96 4 82 57 36 64
14 36 25 52 45 19 64 79
48 21 50 80 11 63 72 40
49 2 37 62 66 45 79 54
19 56 21 86 1 77 45 54
30 5 64 68 51 57 52 48
82 32 66 22 18 35 43 93
82 37 46 53 52 91 68 79
30 47 60 17 4 63 92 66
54 25 29 79 97 72 61 28
21 25 71 37 52 14 43 87
10 5 90 14 76 36 91 41
36 86 41 30 6 97 71 19
49 12 85 8 55 84 78 20
64 63 12 65 7 55 33 17
79 24 71 5 66 98 9 34
92 98 60 14 43 44 52 25
27 27 53 9 40 84 89 14
32 70 70 18 69 52 43 78
3 25 10 65 13 91 79 75
48 15 19 3 18 21 74 56
96 72 43 16 66 48 72 12
22 78 6 81 79 14 72 41
30 59 100 65 46 67 56 36
20 41 82 92 77 82 53 34
42 6 23 10 21 87 14 74
93 4 33 40 12 71 12 60
30 26 79 92 15 67 19 9
84 32 60 69 3 36 21 48
21 85 5 10 75 18 56 91
69 49 12 29 92 96 99 94
7 33 38 53 15 4 37 83
97 10 19 82 45 85 87 94
96 34 65 96 4 57 59 80
74 16 73 4 25 58 87 67
39 68 47 11 21 76 40 59
38 100 13 23 58 85 20 41
76 33 78 49 51 39 100 9
86 65 60 48 62 99 43 39
41 10 5 35 60 94 29 83
82 90 47 45 82 39 70 20
2 40 87 24 100 66 88 40
24 83 5 93 80 37 77 18
53 57 19 86 98 42 5 3
91 14 52 95 35 10 96 43
41 32 90 42 79 76 5 5
49 83 22 68 96 90 89 79
52 79 7 24 60 62 26 58
37 71 4 80 41 60 30 40
18 68 56 5 93 37 79 1
3 28 27 78 100 30 44 24
95 1 25 34 70 55 87 83
42 50 49 54 73 15 68 28
60 89 65 47 76 72 74 13
61 80 89 3 17 57 70 58
76 5 19 88 16 21 26 48
54 3 68 27 28 50 77 100
76 28 75 98 71 97 8 57
14 72 95 21 91 4 81 90
19 61 2 22 45 16 52 12
37 20 56 8 24 12 34 40
59 54 6 79 32 100 97 59
77 7 51 61 94 61 31 66
90 83 60 47 76 31 4 14
89 48 34 65 24 48 86 67
8 45 63 20 54 29 22 45
21 84 1 76 66 29 85 17
37 7 74 76 45 1 31 75
94 24 81 13 81 78 40 97
82 71 69 7 29 16 25 68
32 42 74 45 70 92 18 42
48 94 75 81 67 43 93 40
83 35 94 23 15 81 72 34
75 19 33 47 20 24 22 53
88 37 55 96 79 25 42 6
46 66 25 78 33 7 100 32
36 5 69 68 6 9 66 90
15 32 40 63 71 12 51 67
72 42 80 56 87 17 52 75
99 54 11 29 20 62 59 38
95 8 13 77 22 24 72 19
94 76 67 15 32 38 35 21
99 64 60 30 46 23 3 62
59 82 81 76 40 6 62 21
14 1 76 26 60 67 98 90
16 33 20 41 15 71 83 87
79 100 22 97 20 41 6 10
24 69 91 96 99 94 83 50
26 85 9 54 27 44 18 72
71 18 100 27 71 42 99 46
92 4 89 35 79 13 58 95
30 62 87 82 95 100 19 63
38 96 50 93 29 41 10 51
41 22 94 1 97 14 30 64
1 92 65 74 100 52 85 50
60 89 2 53 30 99 36 49
51 8 31 37 2 62 19 75
22 78 91 52 62 76 34 84
83 61 67 69 11 95 20 24
84 36 86 79 53 74 56 62
5 77 11 29 53 94 41 12
76 56 18 74 61 63 71 48
81 37 63 1 44 79 3 58
26 58 62 43 27 49 59 47
47 97 35 70 37 99 39 47
6 76 7 32 98 3 26 50
94 53 47 2 26 40 1 84
45 4 96 19 21 48 14 11
28 87 22 58 54 21 74 97
60 54 88 63 85 85 43 1
80 44 35 4 84 43 61 60
56 72 6 81 24 76 38 95
18 3 65 54 69 33 73 49
52 67 99 84 74 59 3 29
87 71 87 16 84 34 86 20
63 92 86 31 90 29 72 93
58 73 74 65 63 97 11 27
17 47 27 47 11 50 9 1
13 69 49 22 92 13 28 51
25 28 61 59 99 27 88 84
24 59 29 59 7 52 27 82
85 97 78 100 13 10 12 70
85 23 29 7 54 39 19 100
44 7 61 22 57 69 22 87
23 44 63 1 53 34 56 12
84 35 58 85 74 84 45 47
69 66 92 10 13 56 15 97
77 78 26 51 5 18 26 53
12 39 77 18 64 7 95 95
60 58 97 54 93 5 99 96
2 98 80 92 38 41 74 12
76 87 32 81 62 10 50 68
46 24 66 86 58 33 87 63
36 38 83 17 28 18 11 60
47 42 57 44 88 89 55 34
50 84 45 11 95 86 49 90
41 5 82 40 83 61 36 86
81 37 28 5 76 24 86 4
75 10 84 8 99 5 39 70
57 53 99 80 6 47 12 10
78 2 18 14 12 38 41 91
17 49 60 69 76 48 36 89
77 8 12 25 88 38 82 77
12 68 94 80 53 42 18 34
12 61 15 4 67 50 58 3
38 70 36 96 37 38 50 68
88 55 6 15 94 28 87 15
28 69 28 80 87 73 14 93
25 88 96 53 67 86 87 10
68 88 84 54 95 82 88 10
52 35 87 76 35 86 7 22
81 70 49 89 23 26 27 79
93 11 25 68 3 28 86 53
31 100 65 62 89 56 98 44
100 66 7 5 96 92 63 20
94 87 29 32 26 35 88 2
78 65 90 51 30 64 5 42
54 55 64 80 68 95 60 34
57 3 45 53 36 26 99 44
57 94 71 61 33 58 91 77
52 5 15 69 95 27 50 99
95 22 7 31 17 84 52 71
76 61 24 97 26 16 54 92
57 3 34 82 91 89 72 32
39 42 87 36 83 60 68 19
92 81 99 46 12 84 44 4
94 59 63 43 8 17 60 6
50 68 85 15 26 91 16 42
83 100 22 29 89 4 59 66
37 43 89 27 99 74 18 76
14 1 45 47 79 12 71 75
42 14 77 71 32 50 86 91
47 7 44 23 17 16 13 86
80 87 60 50 100 20 9 4
13 66 13 70 7 37 6 61
7 93 51 66 88 65 80 53
31 4 95 55 3 100 76 46
54 32 44 74 40 76 73 74
72 40 91 48 56 36 28 54
25 65 67 43 3 48 12 4
13 82 70 13 59 82 27 3
25 28 63 91 99 99 81 60
37 58 33 95 56 34 42 52
43 99 49 34 76 62 15 54
25 39 73 45 53 89 1 95
69 74 93 96 96 97 36 76
96 81 91 31 85 41 18 59
65 6 72 42 95 78 73 12
41 72 4 100 98 69 19 52
71 56 53 74 88 98 19 42
93 94 13 23 76 78 43 19
65 94 54 43 46 55 78 63
3 85 63 88 83 30 50 43
54 21 23 26 4 48 51 88
52 27 62 72 57 30 92 64
26 45 94 21 60 55 8 82
60 23 90 70 14 3 100 37
26 65 78 8 95 28 94 68
39 8 67 3 8 20 31 99
2 22 15 23 79 65 34 68
41 39 17 70 93 28 26 94
61 50 62 3 13 1 63 15
46 32 87 95 48 12 37 96
8 98 49 41 44 67 52 3
50 73 58 10 8 74 65 85
93 49 68 13 18 84 70 8
93 65 15 31 46 39 52 31
33 11 33 17 13 12 34 37
83 67 12 76 65 75 4 28
49 11 61 80 4 40 95 68
63 61 92 72 52 51 54 33
78 46 41 77 7 31 15 96
74 3 1 5 28 95 62 56
95 53 14 25 57 1 77 84
59 15 59 57 63 97 58 61
18 33 37 83 69 68 91 18
65 57 26 94 95 15 6 7
14 81 72 23 28 14 30 59
86 35 24 29 4 22 37 10
92 86 47 18 62 38 57 11
100 93 53 43 97 51 83 40
5 28 45 93 43 9 91 78
57 41 62 83 41 94 78 38
19 49 67 93 79 10 58 40
47 69 19 14 17 90 82 75
12 22 21 19 27 94 84 12
27 89 32 46 14 61 50 20
30 84 88 75 93 15 71 33
36 75 69 20 42 54 28 61
72 81 7 89 62 80 15 32
50 19 27 70 98 20 5 26
37 69 48 44 14 76 9 19
38 93 9 37 33 94 84 64
93 28 93 72 64 20 88 62
58 27 42 64 89 24 5 22
18 31 11 77 89 73 56 85
51 84 98 42 24 96 94 83
54 32 42 5 87 86 53 50
73 65 72 40 14 6 67 1
33 100 68 52 14 15 15 62
27 99 50 76 43 28 45 94
28 79 5 15 53 58 66 61
36 67 35 87 66 33 41 36
60 91 67 80 73 61 98 33
10 14 70 29 63 100 49 11
38 62 62 61 5 51 91 4
63 93 13 76 63 80 7 57
