150 6 4
37 37 37 37
78 95 80 41 80 10
21 30 49 83 79 10
42 40 24 37 7 17
33 63 48 26 29 78
92 39 4 21 46 59
43 96 29 33 76 63
45 79 10 41 62 19
81 9 64 23 57 35
9 85 35 51 94 97
59 26 26 81 21 71
54 11 73 86 49 44
60 7 30 61 92 18
42 24 45 51 39 28
5 78 95 28 30 7
75 43 73 44 25 100
8 24 93 32 65 62
84 9 7 91 65 35
93 76 83 17 93 56
12 76 50 7 74 36
74 10 75 15 58 35
62 5 17 53 9 16
45 22 20 46 33 10
92 11 36 44 55 80
11 92 86 39 18 51
28 3 78 1 97 100
8 67 25 65 22 40
24 48 45 82 54 6
28 59 84 3 77 15
86 13 79 54 57 75
14 42 88 39 48 15
94 15 79 29 4 81
77 70 69 46 62 98
80 92 11 77 88 31
62 23 54 11 39 69
63 79 94 44 44 7
62 41 28 12 58 23
98 68 86 44 57 30
32 6 13 11 15 27
2 42 19 46 16 69
84 26 60 69 51 12
71 75 59 11 54 23
60 83 58 80 6 26
67 16 38 98 30 45
91 88 66 66 58 29
55 6 67 31 29 91
39 73 89 9 61 12
30 17 55 6 43 43
73 10 59 36 37 16
37 43 43 84 86 84
17 38 55 25 44 85
98 47 7 39 41 77
16 16 48 91 10 21
13 28 52 6 18 79
13 72 66 49 81 31
82 36 15 39 100 83
34 90 98 57 71 31
98 84 71 48 94 81
67 79 34 33 15 66
17 64 60 92 88 48
10 7 53 39 40 95
2 1 10 82 39 37
2 48 93 35 63 68
32 99 39 64 19 7
38 21 6 31 82 87
58 33 30 56 80 42
58 96 42 91 11 79
15 3 44 40 73 14
38 83 14 99 30 34
92 87 33 49 25 58
23 51 84 8 72 8
43 99 50 8 52 5
80 66 27 9 55 23
80 99 2 83 9 59
87 84 68 62 91 67
51 10 22 79 21 7
55 29 67 67 71 55
13 18 29 99 40 97
74 7 59 93 82 2
69 100 70 37 71 67
65 50 55 4 91 13
86 42 66 92 98 38
36 12 75 28 26 32
55 83 13 58 85 83
28 5 5 18 51 58
67 96 67 73 97 4
20 10 2 74 71 81
92 80 30 40 12 88
9 76 18 59 73 76
22 27 27 98 100 50
35 90 30 48 95 77
39 40 5 44 69 9
41 8 43 19 41 33
91 55 22 75 43 28
82 9 3 64 51 62
44 60 11 21 23 84
83 62 84 52 2 18
52 24 15 66 23 37
25 97 77 70 83 15
65 59 70 81 32 43
27 20 87 54 21 73
14 25 77 2 45 57
8 16 4 10 82 1
61 96 87 48 50 62
70 47 19 67 51 52
20 90 30 17 30 12
62 17 13 66 39 94
29 45 62 69 7 46
82 10 29 88 94 43
64 76 31 49 42 22
46 100 36 87 1 33
28 59 5 9 31 14
68 17 58 99 76 55
37 95 44 67 73 14
8 31 11 24 31 3
96 77 21 29 89 82
95 21 26 45 42 57
70 58 55 28 3 35
88 15 63 26 42 68
53 79 48 25 27 67
4 98 31 30 57 5
36 28 50 64 17 60
64 9 32 54 54 83
54 72 42 100 61 61
76 6 16 18 74 12
16 15 52 62 49 98
36 7 9 36 80 67
27 75 55 66 56 48
90 71 8 29 90 43
59 49 79 73 94 50
98 70 96 57 52 16
19 29 65 19 72 63
95 61 22 99 14 26
84 11 78 89 82 41
25 50 3 60 50 76
20 49 19 28 75 12
96 53 94 31 9 30
2 24 48 45 43 71
6 42 42 7 77 30
58 2 31 28 51 7
11 93 82 46 85 37
52 12 54 47 72 27
65 69 94 19 1 42
64 71 30 14 56 83
67 1 41 38 63 22
94 97 89 42 87 54
75 76 39 99 65 75
66 41 49 67 92 2
22 90 75 56 23 3
86 86 47 67 55 94
52 90 93 98 24 82
