60 4 2
30 30
29 18 100 36
62 89 45 43
37 46 64 66
64 60 29 6
88 14 63 88
12 13 8 71
96 50 33 91
44 79 23 25
64 84 100 60
81 86 65 25
34 91 90 65
27 20 78 99
87 44 41 12
17 76 45 49
52 79 87 54
8 78 35 28
22 59 98 74
75 2 34 27
82 81 23 68
99 32 74 35
3 84 58 10
45 32 37 17
55 23 30 65
50 10 17 46
46 39 81 78
94 19 34 84
81 40 84 71
8 8 61 86
10 54 33 12
49 25 97 80
97 38 80 46
46 34 93 49
40 49 17 96
86 91 20 17
18 2 28 75
16 13 37 99
45 87 48 73
61 97 94 97
60 8 18 6
85 13 80 28
76 65 20 34
55 58 99 25
74 99 10 3
86 34 34 48
24 73 22 46
57 17 43 85
39 48 81 63
51 7 76 51
24 85 45 64
50 78 21 99
69 86 99 35
71 75 21 94
84 34 28 77
54 27 14 43
89 31 69 6
23 70 78 51
8 7 11 38
65 95 8 59
16 70 91 86
31 74 34 91
