60 10 4
15 15 15 15
76 98 19 48 63 84 36 91 50 84
30 62 71 58 92 23 81 82 54 86
94 91 5 88 23 14 59 24 14 64
47 3 54 72 77 23 100 23 74 69
8 84 50 66 82 1 5 15 55 68
21 17 77 62 26 37 71 99 51 82
28 14 21 14 30 75 72 35 96 89
46 49 90 50 93 13 98 62 83 75
89 51 16 9 100 57 49 38 43 28
53 82 100 73 33 13 23 86 26 84
54 19 94 48 67 93 96 64 47 53
62 30 19 76 65 5 97 46 88 9
40 48 34 5 43 30 57 40 13 19
22 96 65 98 69 22 29 84 65 75
37 63 24 30 47 6 62 83 1 91
95 100 54 22 38 68 19 75 56 88
63 42 23 100 42 7 100 10 31 27
93 34 96 62 83 66 91 55 6 44
94 11 55 65 19 23 25 67 94 20
69 25 84 33 26 21 80 3 100 23
53 69 22 13 45 41 86 98 49 54
56 25 80 76 87 43 84 51 35 46
11 43 33 43 14 46 25 15 41 18
83 37 91 25 14 53 81 61 43 16
100 33 16 33 82 13 90 81 17 76
78 94 2 63 22 28 25 14 11 9
65 86 21 29 66 36 55 68 99 42
86 27 17 33 45 12 66 52 100 74
28 7 50 57 12 27 21 59 55 73
95 85 5 99 12 25 66 49 85 76
32 68 48 62 18 44 90 29 86 88
77 26 25 78 71 90 54 40 12 28
67 5 50 73 87 78 81 82 9 19
46 56 19 24 68 10 30 64 43 86
61 68 20 45 82 74 51 19 88 4
99 88 28 20 83 81 95 75 8 90
30 43 65 32 94 46 23 80 89 85
28 58 70 10 99 59 48 64 81 38
27 90 44 24 18 46 35 43 83 6
71 98 94 8 49 74 2 14 81 84
53 6 7 57 73 37 22 54 66 79
45 29 61 33 42 50 64 60 99 93
6 93 27 71 38 80 20 34 45 52
83 46 54 66 14 16 63 43 16 41
29 92 65 3 17 55 9 34 94 32
64 69 87 51 6 63 29 1 64 1
45 63 52 37 62 7 15 6 37 85
46 48 53 46 60 70 34 8 3 42
19 97 93 32 96 80 37 29 58 21
7 80 33 89 16 34 83 62 90 70
91 91 45 32 80 90 40 34 70 43
65 8 43 59 13 24 62 99 98 42
48 56 21 2 73 92 71 6 76 61
42 87 47 7 79 25 2 49 18 10
26 9 88 37 94 12 37 35 12 94
92 55 96 64 47 54 97 63 58 22
100 70 35 62 99 54 35 95 11 15
53 70 7 73 12 21 78 85 14 9
24 95 41 76 37 50 53 33 74 53
66 85 82 55 44 33 85 22 29 39
