150 8 4
37 37 37 37
72 63 3 42 78 13 21 13
63 53 86 12 47 62 75 42
76 9 21 14 30 25 48 63
75 36 35 10 9 30 24 52
5 72 59 94 70 95 81 77
19 3 48 88 78 99 16 73
50 63 58 19 21 13 85 14
12 95 31 48 40 36 46 52
46 48 52 48 79 47 67 28
53 11 93 32 94 87 26 79
78 26 46 65 9 12 19 84
41 29 9 50 29 97 60 35
31 5 82 33 15 63 31 33
90 59 83 85 5 77 17 20
74 41 4 64 35 44 42 19
70 72 45 37 78 64 72 41
86 68 10 49 18 65 76 59
53 53 56 47 29 11 42 93
13 96 14 97 17 37 100 33
79 43 44 63 46 83 89 88
76 1 75 29 64 21 76 62
22 2 44 82 98 82 21 78
95 71 52 89 69 50 30 99
91 48 77 35 69 68 54 31
80 61 26 11 91 65 17 92
13 34 21 54 89 21 84 97
29 94 36 96 40 11 7 75
65 95 36 67 10 96 5 32
90 74 92 48 51 61 60 25
83 27 68 90 90 13 47 5
44 42 1 25 80 90 27 46
15 45 15 46 24 42 61 66
36 44 65 39 87 82 36 21
62 68 71 68 75 31 11 3
31 49 100 77 29 90 10 94
51 84 21 40 59 20 32 48
31 73 17 76 40 17 61 10
6 40 37 22 21 1 80 80
100 52 32 11 31 67 27 95
46 17 2 12 75 64 55 80
54 21 37 34 68 1 78 95
80 27 45 85 34 88 14 75
68 51 93 39 75 73 60 41
34 93 6 76 93 23 55 34
40 81 94 68 8 70 22 89
66 55 9 43 14 10 97 64
71 8 48 43 62 27 73 81
23 53 63 65 61 93 27 48
10 83 27 46 46 48 15 73
85 45 75 27 35 74 39 80
4 54 36 17 90 6 21 94
42 97 92 35 56 58 49 55
20 21 55 4 22 47 79 74
63 3 45 21 54 40 96 47
75 35 94 32 74 67 79 86
5 85 34 82 100 76 18 37
32 9 21 24 60 3 78 78
4 24 12 100 47 8 19 45
1 76 8 34 83 89 95 8
8 59 6 98 11 68 7 97
16 57 48 41 16 29 88 63
98 31 39 88 64 30 25 1
13 74 88 54 6 39 66 99
44 88 89 39 70 51 52 64
76 75 34 72 58 98 82 51
53 33 49 46 18 51 98 4
96 8 73 57 41 72 49 64
49 41 28 23 19 86 65 19
93 100 63 68 69 50 53 99
48 8 46 84 88 65 9 41
49 87 50 3 11 47 83 62
67 82 71 59 85 50 63 46
6 52 42 100 72 22 53 2
17 15 57 94 55 8 64 60
75 11 12 46 3 67 48 31
44 98 19 90 19 42 35 9
10 8 65 56 84 4 58 24
49 26 6 16 62 71 78 66
90 61 28 46 35 54 40 29
49 39 15 71 76 1 21 53
75 11 3 78 95 22 61 62
26 88 6 18 97 33 72 29
59 21 48 12 41 41 77 11
13 91 48 62 3 63 28 33
2 91 17 13 67 44 89 24
71 5 78 10 100 26 96 24
62 11 27 73 95 88 31 16
99 80 84 60 68 31 62 63
96 27 93 93 63 9 43 41
35 48 98 82 99 27 76 98
75 57 77 67 39 29 75 96
94 83 23 36 97 77 88 94
60 15 11 38 2 88 67 93
97 92 64 63 66 61 89 57
88 80 40 56 58 39 68 54
29 85 87 21 56 70 16 14
27 80 28 93 31 60 35 76
99 72 92 4 5 48 56 79
37 15 93 75 67 30 57 21
22 43 17 94 37 19 13 77
3 100 96 72 32 22 73 77
100 70 38 95 55 59 72 57
69 47 70 94 21 66 6 45
41 91 16 12 87 55 35 55
46 61 96 49 48 20 96 88
56 23 37 98 30 9 46 59
25 80 17 12 63 13 49 16
5 54 96 56 49 29 89 11
61 31 5 53 37 3 78 33
25 59 77 7 71 64 79 19
57 26 63 73 83 100 71 10
97 100 70 6 35 33 20 5
28 71 83 4 44 6 41 31
100 52 92 36 35 84 61 54
61 23 27 12 10 20 10 60
7 9 49 38 23 57 17 16
50 55 84 66 10 59 72 78
62 14 84 29 3 81 91 96
39 72 36 16 28 45 89 49
2 75 82 48 79 61 52 98
27 30 100 27 97 11 66 51
62 99 62 96 9 10 27 64
89 7 84 24 14 70 64 34
20 20 12 100 99 71 38 57
55 87 19 2 38 96 89 46
27 38 20 74 6 78 59 48
11 82 3 37 4 83 12 88
83 50 52 2 85 11 17 45
51 73 16 66 19 6 75 33
89 1 22 15 43 88 7 24
51 90 62 66 82 59 26 73
47 19 1 1 37 51 65 99
2 11 66 5 78 2 37 39
41 77 30 95 78 93 41 97
57 100 2 94 97 78 51 35
63 30 70 9 79 77 35 80
40 59 82 100 32 43 12 56
18 88 45 48 10 91 33 59
68 26 74 73 100 67 31 22
77 59 39 52 100 100 9 59
40 85 78 28 34 45 26 78
4 24 75 32 38 34 24 83
28 18 28 40 11 75 98 32
41 95 45 39 29 72 89 15
45 72 59 95 45 59 87 51
60 96 33 12 44 64 29 34
17 73 2 56 10 59 63 84
64 21 82 68 29 44 6 61
17 44 33 86 40 80 97 62
79 27 54 72 3 82 53 12
