40 7 2
20 20
49 8 64 35 93 81 5
54 55 58 59 95 1 12
42 78 23 67 74 2 7
54 98 67 56 79 63 17
78 51 45 23 71 86 24
59 79 86 54 86 42 4
43 14 16 45 45 55 36
54 21 58 55 69 22 69
98 71 9 27 89 36 41
84 5 4 93 96 59 41
54 26 66 74 2 59 62
71 34 27 45 21 36 22
93 97 66 57 47 47 44
41 8 12 61 13 77 24
86 81 97 6 46 37 68
55 63 67 14 58 100 60
44 74 2 51 4 60 76
5 56 39 32 35 6 38
12 84 10 64 81 1 48
13 11 92 80 63 83 48
46 16 68 65 56 38 77
43 72 66 57 53 2 12
35 24 65 60 3 47 99
87 53 19 86 39 14 38
96 99 91 69 57 32 47
6 16 73 40 67 21 87
21 69 72 22 62 54 13
43 4 40 95 32 29 27
44 5 58 62 74 25 48
59 21 21 91 34 76 5
62 29 65 76 58 40 78
12 49 18 94 49 26 42
32 51 70 16 92 6 71
2 62 67 37 36 71 14
90 46 36 84 98 53 97
5 37 83 87 25 56 99
51 27 21 37 66 90 81
73 25 56 18 66 41 47
79 64 93 58 91 66 98
73 10 98 100 26 28 87
