500 10 4
125 125 125 125
82 81 50 7 4 50 54 21 6 1
23 12 10 65 61 75 87 52 49 3
92 20 25 15 71 71 18 39 42 67
92 53 63 37 83 51 43 54 25 62
70 30 37 82 57 93 1 68 93 82
13 78 33 37 89 17 35 6 28 31
38 68 61 21 18 15 42 86 94 7
80 12 42 74 91 62 92 17 86 71
22 37 11 52 2 60 65 1 83 77
74 97 95 11 66 58 9 95 96 58
75 58 13 68 61 70 86 22 53 38
28 95 27 97 53 18 27 80 45 28
53 13 85 31 56 55 96 2 82 9
67 43 28 72 2 89 91 82 100 29
64 47 82 3 2 79 49 100 21 45
81 13 16 29 18 56 66 74 68 64
88 60 35 8 45 71 69 36 45 66
3 70 75 26 21 4 14 56 34 29
16 18 60 81 14 97 89 56 12 62
4 35 23 56 76 99 13 98 66 38
36 66 95 92 7 65 19 80 60 6
14 47 23 46 5 39 27 59 24 34
95 69 40 21 5 65 19 56 90 7
90 85 55 25 74 70 36 11 81 26
49 90 35 22 19 66 94 86 56 48
38 89 18 55 56 3 62 11 26 45
97 75 16 41 69 34 22 7 94 36
76 31 8 44 80 11 54 31 15 35
41 53 37 27 100 77 30 22 53 77
8 25 47 44 61 83 50 95 24 45
1 31 9 65 16 7 95 24 89 61
38 74 98 88 44 90 23 93 18 87
16 45 53 36 91 82 72 74 23 15
4 15 17 32 17 8 61 69 25 30
56 22 13 34 81 6 52 14 97 99
63 11 34 55 86 8 87 75 35 46
44 23 96 2 21 58 81 96 20 44
96 83 42 22 96 2 72 23 4 8
46 84 24 68 31 93 54 3 3 39
13 18 100 12 25 41 16 88 74 91
70 66 3 66 99 46 97 43 94 75
90 62 34 13 29 81 93 1 33 73
36 61 8 40 33 5 31 34 59 52
27 77 16 18 37 73 83 98 58 56
50 98 81 78 97 37 60 30 10 11
64 51 63 61 48 55 97 52 2 98
10 53 22 86 49 75 27 5 8 87
47 50 83 32 77 26 17 23 53 84
46 12 9 64 10 85 99 90 24 41
43 27 18 13 10 42 32 82 15 97
38 23 86 50 69 50 85 25 9 14
35 65 36 29 36 66 53 14 1 74
36 44 65 92 19 42 56 34 2 49
48 65 90 44 97 24 28 16 22 52
39 12 76 27 4 38 27 5 38 6
30 77 62 85 99 56 70 35 4 12
4 77 2 86 78 70 82 35 64 61
44 69 65 86 69 73 6 2 15 11
32 62 85 76 92 29 37 22 97 92
72 11 50 5 28 94 64 78 16 21
23 89 95 83 6 1 35 80 4 29
36 5 92 10 100 46 57 3 97 96
81 62 71 94 98 85 22 8 50 3
76 98 91 9 89 27 28 83 59 67
56 63 20 39 66 24 80 74 21 36
12 86 58 13 45 30 63 78 22 78
86 68 86 87 98 86 7 62 67 95
38 75 38 92 94 58 15 63 64 3
16 24 45 19 46 33 40 85 43 81
30 66 5 30 97 68 61 24 29 15
67 49 67 78 89 82 20 88 58 30
12 97 86 29 30 83 5 43 2 48
84 73 56 41 82 63 80 59 48 69
85 30 44 39 43 16 79 43 50 49
49 67 15 27 68 90 35 100 9 46
87 75 55 90 92 6 22 56 55 17
62 39 30 53 84 95 95 54 5 10
14 89 73 67 34 94 89 68 56 15
57 97 8 65 60 20 4 49 70 40
38 69 62 81 51 36 54 72 39 72
9 59 22 53 66 11 59 64 93 13
27 20 96 1 7 52 67 33 59 15
43 39 17 64 92 47 90 69 46 52
61 67 27 39 6 66 68 37 98 37
94 56 63 93 79 27 40 30 68 25
67 12 95 49 49 49 53 100 1 36
43 80 20 91 51 35 72 45 90 24
91 35 50 28 24 69 43 60 1 1
59 90 50 29 97 38 88 76 84 46
24 98 11 23 79 12 32 53 88 40
18 10 40 23 63 97 4 36 10 68
62 44 46 25 48 90 51 73 28 29
82 88 86 96 13 48 64 94 91 32
88 94 30 30 77 41 6 43 48 49
21 98 45 13 82 44 27 30 25 70
84 77 35 3 34 88 55 37 38 14
74 79 11 34 48 76 51 78 75 44
91 77 87 96 10 60 18 38 35 93
13 76 89 49 89 50 82 99 47 13
14 85 12 33 58 77 8 96 33 59
62 97 23 74 68 54 77 82 91 39
71 57 17 63 17 43 35 98 93 5
1 3 79 29 20 45 72 74 58 98
62 60 60 57 78 68 78 79 66 91
24 23 78 86 63 61 32 51 22 81
78 41 42 18 53 50 16 96 52 70
83 94 98 53 84 7 50 82 15 88
67 12 67 32 67 3 31 6 66 13
95 81 22 31 50 63 71 49 68 27
83 93 50 64 17 64 25 51 33 77
11 30 34 8 46 23 64 92 20 20
14 93 61 25 44 43 31 66 84 59
60 6 98 62 84 45 16 72 27 28
85 26 14 31 100 20 51 44 76 21
27 7 61 86 74 25 66 72 4 41
93 3 86 9 58 33 61 44 55 20
84 55 20 98 94 62 24 46 40 28
96 94 65 86 30 44 51 23 19 46
18 69 6 76 76 32 62 52 36 78
14 56 70 98 19 87 68 38 54 36
70 20 16 24 92 40 57 28 8 79
72 58 97 4 12 60 32 29 82 50
86 38 83 1 84 61 75 49 54 38
25 10 60 22 76 38 74 91 91 89
26 70 83 20 1 7 94 53 4 72
22 53 88 80 76 37 35 1 54 74
55 46 75 10 64 72 37 94 70 5
15 72 37 21 73 48 23 7 56 34
84 37 98 17 10 36 61 24 34 77
87 78 57 28 87 70 89 37 75 39
41 15 1 38 39 64 34 65 1 78
79 41 21 15 51 96 41 53 29 43
24 11 83 23 62 21 58 13 16 41
4 79 88 75 79 25 35 12 56 33
64 52 99 87 71 48 79 24 32 61
75 55 32 83 72 63 39 58 95 73
65 9 19 81 10 38 38 20 93 66
74 12 93 50 19 89 64 90 93 33
76 61 13 1 41 49 67 8 7 13
26 41 76 45 71 99 89 53 52 67
38 46 50 37 19 38 34 30 99 92
7 85 99 34 14 10 96 82 56 22
36 67 51 39 12 27 62 21 1 98
28 92 63 45 76 29 32 15 87 45
63 17 39 40 85 88 65 42 23 39
14 38 74 11 4 16 96 34 63 49
52 24 79 58 69 7 99 23 29 16
53 29 78 70 54 40 27 17 55 57
88 54 46 6 7 58 50 70 65 90
65 93 37 40 25 41 27 36 73 24
78 45 40 67 67 65 11 21 94 92
92 1 67 56 54 60 33 95 100 94
53 43 48 2 28 8 19 37 69 20
40 93 10 39 25 4 52 6 57 55
35 72 34 24 47 8 18 12 68 50
58 49 99 58 77 10 78 72 92 86
98 92 29 47 32 41 4 18 72 1
32 9 95 51 55 21 58 80 22 68
74 88 84 61 78 45 22 12 63 12
31 29 27 5 83 95 75 19 75 38
28 99 100 32 70 13 29 97 14 36
86 78 16 33 91 44 59 4 8 66
40 16 75 84 45 38 17 92 55 89
46 72 51 47 12 70 73 26 42 58
98 53 34 99 35 11 63 44 86 3
83 17 30 85 43 47 2 29 89 23
69 78 61 74 100 79 87 3 37 56
33 27 58 66 84 93 59 23 94 13
85 72 14 45 32 60 81 27 26 23
4 4 5 9 59 19 79 28 21 8
34 6 49 82 35 29 64 42 27 36
61 6 100 27 10 42 54 72 37 92
58 59 45 21 91 3 53 22 82 58
22 43 25 78 38 28 11 15 47 95
45 9 16 4 44 22 68 14 78 17
60 52 16 71 21 78 56 16 34 66
63 29 68 65 32 66 57 82 88 27
22 36 64 36 100 58 85 21 42 3
41 62 25 61 86 19 46 87 26 95
8 63 32 83 91 65 37 65 10 88
88 44 82 77 86 14 91 63 53 93
42 38 48 69 80 43 32 41 45 65
35 63 42 40 71 50 83 28 2 16
10 65 78 85 36 77 91 42 71 54
71 41 54 10 6 48 25 47 37 37
74 74 72 26 53 47 83 90 34 26
18 66 65 65 21 6 53 87 92 40
16 30 13 47 85 72 85 30 6 27
64 71 78 72 44 3 10 92 59 52
88 27 80 59 93 67 54 13 24 20
12 95 19 98 84 46 37 67 2 75
43 43 47 3 69 96 68 91 62 1
72 58 28 32 81 49 54 93 86 6
55 38 93 29 27 48 32 28 1 73
34 92 78 88 2 39 24 69 89 38
99 1 98 17 82 42 38 40 13 47
25 46 78 80 18 97 17 48 73 54
77 81 50 95 49 45 67 19 16 29
21 61 29 31 63 59 62 40 38 51
32 84 29 48 95 1 72 9 80 65
56 12 25 96 71 79 90 62 65 12
66 90 12 71 85 75 5 98 16 7
10 2 73 97 82 97 38 41 16 69
47 17 39 89 31 60 60 21 54 56
91 55 17 16 37 36 54 24 79 15
16 59 26 33 43 34 94 92 66 18
92 53 26 36 98 64 6 3 27 5
65 42 28 100 44 35 14 62 35 56
69 72 69 9 19 38 51 41 30 11
73 50 54 99 75 76 61 41 5 19
68 78 90 86 82 99 73 66 46 99
15 50 33 47 42 55 36 32 97 23
57 5 30 97 21 28 91 26 63 87
78 63 21 22 39 84 49 8 37 76
87 79 82 20 78 95 31 94 6 41
81 40 19 16 55 29 54 95 31 61
27 14 34 81 57 58 89 61 2 14
56 63 33 68 49 71 48 33 36 56
41 14 45 20 44 17 94 22 65 51
55 14 76 74 45 55 86 73 33 6
2 92 37 59 39 53 11 85 50 53
77 70 58 64 28 97 65 80 43 73
38 45 89 70 60 83 59 82 91 72
56 20 41 86 98 64 62 48 28 35
93 57 23 50 25 29 60 83 70 70
85 50 92 39 27 94 16 68 55 72
95 51 34 96 99 10 27 4 25 29
29 11 60 16 49 8 36 66 68 54
82 60 56 55 53 61 41 72 47 44
6 74 38 3 56 22 42 81 56 7
10 88 41 88 5 62 28 92 9 62
16 68 58 74 34 20 63 66 27 84
36 9 80 25 94 44 75 9 23 74
64 14 74 21 48 4 69 93 30 49
6 72 65 2 13 56 55 28 4 39
76 4 68 70 61 26 2 61 82 46
32 98 2 8 90 30 69 72 24 9
62 9 82 86 61 25 73 59 51 51
57 12 62 20 97 89 93 43 27 95
7 75 52 7 50 72 15 64 62 16
48 79 25 3 60 19 48 81 52 66
17 28 79 9 63 81 21 60 53 30
48 35 41 97 50 21 92 69 81 66
61 28 14 22 94 97 26 19 1 8
49 29 2 49 5 19 4 68 94 5
46 80 64 51 86 100 90 92 17 50
10 67 25 54 12 18 36 56 52 14
93 81 77 39 18 80 79 89 23 94
55 97 28 1 32 43 28 10 72 72
49 81 57 87 20 2 95 46 32 30
46 70 76 74 14 15 89 6 10 45
67 22 85 12 51 16 29 17 41 71
95 27 100 7 76 69 27 79 45 45
44 68 21 85 98 51 76 25 6 97
45 38 8 15 92 98 31 85 30 91
6 49 45 63 42 24 13 38 72 47
71 100 98 58 98 100 37 84 21 27
27 7 80 13 88 7 17 77 52 60
29 13 63 56 7 80 18 95 20 86
77 11 26 50 87 83 23 38 62 94
74 33 83 88 85 7 84 1 62 68
80 56 64 21 83 11 7 54 60 73
97 74 48 24 56 29 11 15 18 69
23 14 77 7 25 34 58 68 5 86
55 33 12 54 84 18 72 11 73 38
50 63 60 70 76 29 64 22 32 24
54 2 62 80 65 78 82 54 6 98
4 93 26 53 46 23 30 69 90 35
24 99 92 99 32 7 67 9 7 56
62 19 47 93 45 49 68 85 59 62
46 27 31 59 14 27 81 75 50 34
4 77 81 63 17 56 58 61 99 79
17 7 63 6 83 91 33 39 37 41
44 98 37 9 89 27 4 93 33 33
29 13 60 96 10 5 8 74 50 65
3 91 44 38 92 77 63 96 58 93
91 29 54 70 33 37 36 68 80 79
83 39 53 30 85 93 81 45 55 22
48 37 69 72 27 59 50 27 77 52
45 72 99 17 97 26 62 94 2 28
9 76 51 73 92 29 7 15 61 83
32 73 17 41 75 81 88 16 72 86
5 60 41 68 77 100 62 42 28 21
26 99 45 34 88 6 12 3 9 87
21 52 97 14 60 69 41 93 48 98
32 84 33 18 81 49 14 69 35 48
43 13 33 19 66 89 1 73 10 45
1 60 81 99 23 77 62 49 16 11
79 73 78 39 7 84 76 20 24 2
38 66 82 38 18 89 29 11 94 77
71 24 19 91 68 89 48 93 54 76
75 98 69 54 93 66 100 65 18 17
22 83 94 84 55 85 71 23 50 75
47 10 60 90 50 48 9 33 53 77
6 75 57 38 14 80 74 23 18 33
25 20 23 41 19 43 21 32 17 22
14 62 3 5 26 96 81 35 41 46
67 30 43 77 15 20 45 30 43 63
13 61 98 97 70 21 34 65 7 43
85 66 6 81 98 11 38 52 74 49
50 25 87 76 87 32 2 48 67 55
84 29 39 92 10 67 85 73 5 86
71 87 100 40 69 20 100 93 50 4
65 55 36 54 41 12 23 41 70 74
29 47 94 64 18 21 16 92 42 71
11 37 74 85 1 79 82 16 84 56
80 30 87 90 100 33 57 95 92 12
7 59 21 14 75 50 44 19 90 93
72 57 32 26 89 79 88 40 75 57
29 97 26 71 22 93 57 35 68 43
4 44 88 56 92 2 37 67 100 61
88 90 85 4 62 65 25 28 83 1
54 1 36 80 97 83 73 57 76 83
41 71 83 38 58 22 96 24 33 86
12 98 36 66 23 13 53 11 87 28
28 81 61 31 76 34 74 10 64 5
41 58 29 45 32 22 38 50 59 22
21 77 14 47 38 62 36 25 77 35
50 60 5 86 57 23 61 79 97 89
64 98 43 26 45 64 26 19 51 29
77 55 43 48 53 96 15 90 83 69
16 15 64 56 71 84 26 46 42 77
74 75 38 59 89 94 71 66 24 22
85 28 32 11 35 10 9 54 69 72
55 26 81 56 87 97 35 99 11 87
25 8 18 94 19 28 44 88 77 60
16 4 67 9 40 38 63 59 40 8
65 11 29 20 44 35 34 35 46 37
68 99 24 67 3 17 9 40 92 62
83 81 89 55 71 56 20 10 80 96
59 15 46 76 45 40 11 67 56 32
12 28 50 74 26 92 55 67 2 29
26 23 27 73 12 32 50 38 86 10
7 58 30 17 71 22 3 77 8 100
49 40 44 1 14 39 92 11 56 37
34 55 60 89 75 93 62 51 90 94
68 45 49 84 90 76 73 26 90 94
95 35 79 89 22 79 51 86 75 20
85 52 59 56 69 67 44 47 58 88
90 39 59 76 21 3 99 45 49 60
34 20 9 69 35 8 91 5 46 14
68 83 75 37 45 31 50 60 56 40
31 13 69 2 82 84 9 44 11 48
69 73 76 62 28 62 12 76 76 84
59 6 74 56 99 23 99 38 14 94
16 63 15 53 96 84 86 55 58 76
69 5 17 15 72 54 58 36 13 85
29 57 32 28 3 35 81 73 21 25
95 73 11 95 63 67 45 42 62 89
75 69 35 62 49 70 20 18 52 88
77 41 91 1 19 49 93 36 29 35
69 83 92 62 45 37 88 60 76 99
95 37 64 82 31 58 79 30 10 61
47 36 33 81 94 46 49 95 56 92
99 13 69 22 31 89 81 69 31 15
41 80 25 65 87 79 16 17 98 77
1 89 33 91 82 20 68 23 2 15
50 77 76 78 32 79 52 75 28 28
53 48 15 67 50 36 47 59 80 59
1 5 18 51 36 44 96 23 93 39
19 87 72 59 86 84 6 41 24 89
39 17 48 93 48 90 37 21 94 25
70 41 55 60 85 8 40 92 54 97
64 72 34 39 86 73 35 30 49 1
85 28 36 37 88 10 53 31 75 39
62 72 37 18 86 1 69 20 23 78
89 12 84 92 29 94 60 24 62 29
30 35 2 22 70 41 89 19 2 60
38 15 26 92 8 37 88 98 58 68
23 61 70 49 80 9 21 50 46 7
29 12 52 7 61 65 88 14 100 53
64 95 84 67 85 23 83 48 59 42
64 95 29 7 6 68 51 47 64 72
70 62 33 56 3 97 80 66 47 87
23 47 58 89 73 15 75 100 60 42
69 86 46 74 92 14 77 5 31 37
84 21 57 45 34 36 27 50 48 31
32 58 51 43 33 32 11 20 95 52
82 20 39 16 64 97 70 49 82 91
85 41 34 98 74 34 24 99 27 62
87 71 14 56 38 23 75 95 19 44
73 9 8 75 58 36 52 97 90 22
27 98 26 100 79 21 4 46 5 66
88 75 43 26 23 21 89 67 36 82
32 35 47 42 12 15 19 84 18 87
40 77 19 10 60 4 1 22 41 95
6 61 24 11 98 23 56 5 74 36
89 17 12 39 72 22 8 93 79 79
76 28 80 11 4 17 51 89 31 71
10 61 10 61 57 23 5 55 99 11
74 80 13 56 99 37 55 16 93 79
46 78 90 22 87 19 13 37 15 62
9 23 17 95 22 75 12 73 59 87
85 45 44 71 93 18 77 3 15 88
25 44 94 74 52 28 15 64 48 60
40 45 60 93 14 39 50 40 44 36
77 84 64 98 7 60 54 44 67 93
66 48 14 75 96 5 85 6 91 67
82 20 26 46 10 57 2 81 17 54
85 27 17 67 14 52 69 61 15 86
54 56 24 5 54 18 88 4 66 83
22 28 89 88 57 61 9 69 48 26
95 24 21 58 14 92 60 12 59 60
70 12 21 66 43 61 62 36 55 53
81 46 42 73 97 96 89 89 95 17
30 2 66 44 89 10 46 57 35 63
1 44 95 41 28 90 71 22 55 3
42 84 94 59 74 15 70 79 74 86
72 89 15 76 8 97 3 41 18 27
49 50 99 64 75 7 2 67 38 33
48 17 94 89 55 4 20 57 8 46
97 32 20 79 45 12 2 78 2 13
79 93 99 85 56 13 65 36 58 22
59 44 75 37 14 62 22 52 75 4
80 78 49 29 23 5 69 43 73 53
26 44 58 52 91 78 18 37 65 63
41 6 73 97 39 51 52 67 12 50
69 9 72 45 17 25 33 61 80 71
44 29 12 90 31 9 95 94 38 68
28 60 100 48 99 36 82 62 16 25
79 43 33 45 76 54 4 60 44 88
92 94 25 57 23 42 3 8 20 33
65 80 91 100 81 49 19 47 84 1
8 30 13 13 82 92 82 18 69 35
5 73 35 53 23 61 93 59 30 86
22 39 67 73 30 40 43 91 89 21
87 73 90 95 64 49 40 63 17 51
100 14 51 75 73 8 77 88 6 21
49 56 24 28 67 82 42 29 9 71
70 40 41 11 64 11 100 38 71 43
94 90 4 43 58 70 55 41 16 86
88 5 46 9 75 47 11 8 48 47
30 63 91 90 78 76 91 41 74 81
51 61 90 39 23 96 26 27 83 78
48 2 39 90 45 42 23 55 62 75
23 57 83 5 27 99 7 62 21 37
31 37 51 81 56 42 82 49 89 6
9 39 67 14 79 83 18 17 20 26
12 17 57 98 90 9 11 100 43 41
60 78 31 90 60 23 37 73 53 79
42 81 57 16 91 78 22 76 26 39
46 85 27 84 29 87 60 98 69 17
46 23 56 35 2 42 16 5 35 63
50 80 3 88 68 70 19 7 75 21
81 60 68 63 13 71 18 58 63 66
76 78 2 50 8 66 12 27 80 14
83 41 47 15 92 1 71 57 22 74
64 34 36 9 10 77 4 82 28 21
23 66 40 57 14 6 4 29 76 58
18 99 50 4 21 85 39 27 81 79
44 34 81 24 96 47 61 36 85 10
49 44 34 16 11 28 32 57 86 23
76 91 20 89 68 18 19 30 17 33
18 58 47 82 62 45 59 49 98 74
29 45 35 67 11 42 17 60 94 17
32 51 15 19 42 38 90 29 51 45
98 93 55 38 65 22 83 77 76 4
43 7 62 6 9 29 55 35 19 27
100 36 71 18 91 86 64 92 68 20
12 33 36 60 89 7 93 76 85 24
45 50 37 12 60 2 94 37 48 36
97 46 15 12 19 38 2 34 88 86
54 71 18 72 72 67 34 49 91 6
22 47 18 25 43 35 60 10 70 42
75 49 58 37 84 35 41 81 66 69
48 59 32 59 82 16 70 50 49 20
30 70 41 16 42 47 76 21 7 88
53 55 67 79 70 14 88 47 36 36
77 50 50 2 71 81 100 14 71 95
76 46 41 91 74 88 25 23 51 72
13 5 100 75 71 89 20 98 8 32
51 2 76 11 39 24 3 93 73 58
75 13 17 49 7 69 67 8 21 72
64 27 56 100 43 56 42 86 99 51
30 33 18 5 56 98 89 45 29 85
50 57 51 39 29 99 71 97 28 41
42 87 95 69 93 64 40 85 70 38
9 42 64 85 14 38 88 41 14 18
47 78 96 29 67 54 43 84 73 22
99 24 2 9 30 56 2 48 58 94
15 3 98 30 93 88 49 24 67 46
13 72 7 38 81 29 45 34 13 16
7 15 62 42 76 34 22 79 48 98
79 94 84 93 17 85 46 87 78 11
95 8 34 78 87 27 6 92 49 25
86 53 10 76 54 35 89 45 58 39
74 9 30 37 23 61 8 17 94 92
38 87 74 58 60 46 100 72 39 4
86 38 97 49 70 61 24 20 30 61
73 59 21 13 37 97 34 9 7 41
75 16 7 18 40 27 29 43 23 58
84 5 43 78 93 30 60 29 4 55
91 23 67 11 64 80 9 81 27 29
80 69 39 38 94 14 6 41 69 36
49 52 79 3 41 86 75 93 2 26
10 4 29 96 65 75 84 59 40 62
80 58 83 17 26 94 52 25 45 35
69 63 66 47 9 28 17 19 74 33
50 82 62 50 55 99 89 19 54 30
42 43 41 70 46 44 55 88 9 50
