80 4 2
40 40
52 62 20 21
80 46 92 2
27 38 72 77
15 36 34 68
11 35 53 88
88 54 11 6
90 67 64 57
36 81 81 52
30 65 57 6
38 68 86 45
26 77 11 24
51 85 79 20
61 45 55 49
24 42 9 95
24 100 45 37
73 20 91 88
90 26 63 79
21 90 18 52
80 82 89 48
34 9 2 15
35 75 65 91
99 12 53 59
67 32 52 9
30 44 36 90
96 12 42 83
100 7 55 67
64 59 93 30
36 6 61 93
86 74 84 18
12 26 81 2
1 75 7 51
50 66 19 73
98 62 56 19
93 23 71 74
65 99 74 72
14 93 49 4
64 9 55 49
93 38 25 88
25 6 36 95
52 31 25 58
48 35 8 24
36 78 33 99
8 90 35 24
94 91 92 59
34 24 67 11
86 36 13 62
100 76 74 73
17 10 23 47
43 82 48 64
83 99 10 37
3 37 45 39
69 27 62 22
43 26 64 42
59 3 92 83
5 58 83 81
9 21 98 13
96 45 4 61
23 72 11 5
18 18 77 56
31 70 19 10
92 95 99 33
35 5 71 92
25 8 11 73
8 72 3 26
25 73 42 40
31 45 44 14
85 66 69 99
16 84 81 29
48 16 96 88
55 1 1 100
63 57 62 79
79 27 40 95
76 78 46 2
33 50 98 78
14 65 18 12
90 9 7 35
70 40 50 6
57 85 65 2
80 27 1 44
61 7 61 40
