80 6 2
40 40
85 32 13 22 6 2
94 17 77 48 54 55
98 91 42 45 74 38
1 65 59 79 27 42
33 2 58 13 62 21
59 62 34 6 50 3
100 92 31 46 96 31
4 85 46 46 80 100
40 43 29 72 70 32
97 88 39 22 24 11
11 32 38 72 74 16
51 68 82 63 81 93
88 79 48 21 64 66
19 71 93 29 83 66
24 81 5 78 97 29
70 75 37 57 71 4
29 72 87 77 26 75
1 21 95 32 85 42
37 61 10 12 87 5
63 82 11 24 79 30
36 51 50 9 24 60
48 98 69 19 34 11
9 80 40 57 18 13
4 36 69 71 8 41
94 23 22 95 66 1
96 13 13 38 17 25
27 10 69 20 54 12
77 66 4 67 54 23
63 58 99 54 94 75
91 21 56 65 88 30
82 46 98 86 78 100
39 11 87 100 76 58
5 14 47 81 6 42
36 80 15 66 4 95
97 19 4 71 69 52
6 99 41 85 45 62
54 72 60 23 71 96
8 44 93 11 73 82
73 24 80 14 41 84
63 2 69 76 22 97
87 76 10 62 71 41
86 95 52 9 68 3
41 98 73 97 62 69
68 58 100 75 66 29
9 100 9 100 87 25
41 48 51 66 18 11
34 73 57 98 12 96
98 20 37 40 61 93
67 96 32 59 18 45
66 80 41 82 88 46
11 58 99 2 49 63
48 86 32 43 4 81
58 92 62 38 98 6
66 65 46 47 89 19
8 50 86 21 85 23
88 10 16 12 12 73
90 38 67 3 40 97
30 11 87 95 94 11
96 72 46 16 9 42
40 7 53 73 20 83
19 23 9 80 41 23
46 45 17 22 57 24
66 83 69 9 85 33
29 95 8 82 95 71
60 12 49 97 8 86
40 77 67 92 47 92
71 10 3 26 32 66
13 37 35 86 81 56
57 80 4 93 1 33
54 46 40 76 45 69
96 2 4 17 57 77
10 85 33 81 43 35
53 27 60 69 98 90
80 39 94 96 82 23
47 99 36 40 91 30
60 31 26 50 89 75
91 19 55 79 30 64
20 8 96 77 97 21
62 70 75 9 58 92
5 10 65 76 78 59
