80 6 4
20 20 20 20
52 79 80 68 46 74
56 58 43 23 52 82
90 62 52 32 80 34
72 33 54 98 48 76
93 24 70 3 87 45
28 59 79 73 34 19
8 61 34 4 86 70
74 19 43 34 13 3
55 28 68 63 1 84
51 18 64 4 25 16
42 72 39 20 83 89
95 67 65 88 27 19
41 42 5 85 25 7
47 4 61 80 32 5
41 41 26 25 16 44
4 96 79 24 6 37
2 21 14 73 98 97
52 16 51 74 86 29
4 99 12 23 9 13
11 20 55 69 55 60
64 22 69 18 100 12
16 43 95 5 81 15
54 98 99 2 80 31
72 54 35 82 42 76
83 88 29 100 27 67
33 46 1 71 89 98
31 62 27 53 53 67
1 70 22 93 17 77
35 18 24 50 34 59
46 71 71 62 76 53
24 74 63 88 39 93
45 37 4 9 73 37
53 90 4 6 29 22
22 55 22 99 19 48
82 75 17 86 25 72
32 14 12 31 83 3
68 7 49 90 82 11
94 13 15 19 79 9
59 46 33 24 13 57
94 99 56 41 78 83
36 47 7 82 83 65
11 91 42 5 99 57
90 1 88 66 4 74
28 29 2 39 34 18
48 71 3 79 73 100
48 36 44 38 15 79
15 6 18 20 96 49
55 98 86 49 91 99
41 3 49 57 23 20
59 18 62 15 10 20
75 99 32 91 66 84
67 37 59 21 25 42
76 87 37 80 46 57
81 97 52 54 45 21
60 96 98 82 32 93
99 64 31 3 37 47
52 88 89 11 45 80
28 33 6 90 54 39
85 83 7 27 33 68
53 10 42 46 39 93
47 87 17 41 58 19
17 68 65 35 69 12
15 41 45 54 71 21
53 77 90 78 43 56
41 4 4 23 40 11
22 39 18 36 31 78
81 60 35 11 89 21
25 70 84 64 87 44
32 22 97 76 90 58
65 96 18 85 2 41
33 27 30 13 91 43
22 25 6 21 59 88
57 14 3 17 21 47
58 30 61 35 63 43
45 98 60 79 28 71
36 29 9 73 93 39
3 97 97 11 24 86
75 46 8 39 89 5
62 91 76 73 3 38
70 75 60 51 50 45
