200 10 2
100 100
85 18 54 12 15 81 99 87 67 63
79 46 84 52 32 84 38 20 56 47
5 3 68 33 7 16 95 35 87 93
3 68 56 29 71 61 74 75 5 21
43 95 46 21 78 76 73 94 6 70
17 67 54 8 19 8 63 44 5 21
22 27 50 51 23 54 97 51 87 86
35 89 62 57 16 62 87 75 67 19
34 48 73 8 90 27 82 69 15 41
28 43 15 26 76 77 98 49 66 43
41 74 23 12 96 18 70 89 45 76
17 8 13 24 29 85 56 56 62 23
91 12 37 43 46 28 92 61 48 55
50 74 84 65 100 100 57 64 20 53
5 53 3 19 38 49 22 58 1 16
72 25 65 46 35 94 20 52 6 15
99 48 50 55 22 19 27 25 5 93
10 86 51 57 25 54 19 11 20 41
99 32 90 63 68 31 61 55 81 42
83 89 58 96 7 87 53 28 68 16
82 38 32 75 29 67 86 3 23 11
49 31 86 43 40 66 39 86 23 65
68 31 34 38 64 61 47 3 20 36
84 84 66 21 75 62 9 65 83 32
33 72 48 68 28 33 97 37 91 27
58 50 81 27 27 11 67 9 42 41
88 82 49 69 53 22 97 68 73 39
38 78 38 67 46 12 17 90 21 17
6 46 16 66 83 29 22 67 25 58
2 37 49 74 92 6 68 76 17 48
20 11 40 83 49 73 62 51 80 90
5 66 59 29 69 58 20 69 36 16
33 41 89 40 54 82 70 31 93 2
41 59 6 86 29 42 32 53 37 33
27 3 63 72 55 90 42 47 71 71
26 87 74 99 57 59 62 60 55 97
27 48 5 65 2 31 86 87 78 57
79 22 12 28 32 89 5 30 76 47
21 43 5 14 91 1 18 35 23 90
55 20 66 65 49 63 79 73 62 86
86 58 50 80 31 47 3 93 19 22
7 98 56 90 76 55 91 84 29 27
79 51 58 58 12 4 10 28 19 31
28 73 77 98 61 72 31 12 77 67
23 29 79 30 86 57 94 32 71 21
13 38 96 21 99 98 3 45 44 92
50 63 46 99 36 77 1 97 57 52
45 13 6 32 74 53 98 86 56 99
69 11 92 54 15 87 52 88 72 37
75 44 6 47 72 14 72 52 92 47
18 5 95 83 91 95 74 65 22 11
6 26 37 1 55 16 32 1 49 77
28 81 63 53 15 77 77 68 6 69
65 85 76 76 40 42 26 52 41 94
32 72 79 23 46 25 49 13 5 44
25 90 65 21 2 21 4 94 100 38
90 14 61 55 64 19 76 49 7 14
29 58 68 50 60 76 8 71 93 100
79 21 83 22 91 70 39 54 38 39
16 84 36 1 61 10 27 49 61 68
20 10 18 53 86 35 69 12 30 73
16 42 41 86 86 66 89 60 23 66
80 22 44 26 87 67 35 70 90 69
22 5 12 43 68 68 27 14 75 92
88 33 27 84 99 84 83 54 93 15
74 3 75 34 63 46 4 11 24 3
46 33 85 62 86 81 8 17 18 84
34 29 29 57 97 45 88 22 40 31
3 49 82 92 61 66 69 18 76 39
39 31 77 25 29 25 19 65 42 9
91 94 47 21 96 26 83 34 98 65
19 52 12 87 23 16 3 62 43 60
63 53 90 62 94 71 68 76 9 43
84 28 35 5 49 25 79 87 62 96
24 55 65 6 64 19 11 18 57 100
51 14 54 51 36 47 100 67 59 20
42 38 13 53 68 82 22 42 92 70
96 82 52 59 26 58 36 69 66 20
51 88 75 45 61 58 66 60 86 41
26 52 89 26 63 90 31 11 31 38
71 32 25 41 59 37 94 28 47 96
11 77 96 94 52 77 29 78 100 4
47 34 22 39 23 54 27 35 15 29
83 78 5 23 82 39 40 38 78 80
89 15 92 51 24 96 58 37 75 78
16 44 20 10 8 26 69 69 92 67
7 100 19 99 81 78 27 2 67 22
90 50 80 49 26 11 45 61 99 39
53 92 2 62 54 85 56 74 64 87
98 53 62 94 20 93 63 35 19 90
65 2 70 91 56 1 72 61 34 43
44 88 37 48 34 39 1 88 82 22
62 72 20 92 3 6 50 31 93 77
4 81 16 18 25 46 67 50 25 84
43 13 65 2 43 24 80 60 31 43
100 64 47 50 80 74 41 96 12 97
18 99 28 2 88 30 97 40 17 78
40 22 30 11 19 73 61 32 24 50
75 77 5 66 81 46 77 67 26 51
40 56 37 1 77 62 91 42 58 10
18 19 77 76 27 17 43 40 18 14
22 24 90 53 75 95 71 45 49 33
16 74 6 48 79 4 45 27 54 40
28 47 72 27 72 27 20 61 79 94
71 81 77 70 52 29 6 82 66 73
54 64 77 99 60 98 6 95 20 13
28 71 15 67 78 82 32 91 60 43
26 6 18 62 43 61 71 37 63 6
75 17 80 44 7 32 91 60 36 91
4 3 18 34 87 11 67 9 60 93
3 87 11 79 34 85 51 77 35 97
64 99 11 52 80 34 80 10 14 83
93 33 46 92 36 100 63 66 54 26
97 63 62 20 88 29 38 83 63 70
75 43 84 89 66 8 27 92 23 97
81 99 88 3 14 57 78 57 32 12
26 20 96 66 99 68 67 87 80 23
48 40 53 87 84 52 96 55 1 4
9 91 19 44 13 67 79 47 31 86
93 92 43 46 15 50 32 88 56 25
54 60 85 44 87 98 72 98 50 11
96 48 86 71 91 91 73 39 35 9
99 48 28 13 77 46 44 21 73 18
45 12 38 20 91 24 83 13 76 85
10 82 56 84 19 52 81 24 34 80
35 23 60 11 93 65 62 2 43 46
83 53 94 92 53 99 72 67 8 65
58 45 60 21 30 63 64 83 12 23
98 9 59 77 42 91 33 66 81 11
22 71 65 47 68 86 59 100 4 87
79 49 35 55 82 12 59 68 69 56
75 82 6 46 1 60 31 27 31 41
72 75 30 80 67 39 77 20 58 79
29 26 81 95 43 8 79 87 81 74
93 46 96 48 62 82 86 78 94 73
70 12 60 35 80 62 20 6 58 81
45 35 90 91 6 83 14 35 11 55
71 39 55 75 21 89 86 72 11 2
41 17 31 22 12 12 95 19 100 38
71 90 59 6 77 7 20 75 81 32
74 69 93 11 9 3 28 85 88 48
5 31 94 32 7 84 24 86 76 84
12 44 21 11 80 3 8 100 59 70
9 19 89 8 86 71 37 41 65 40
69 63 25 93 3 41 49 50 22 88
5 74 97 70 11 77 38 66 31 2
38 90 52 31 23 90 75 93 76 88
8 25 49 61 68 59 62 14 35 13
100 30 58 66 75 61 16 41 54 40
52 84 99 84 32 21 33 6 1 33
64 99 53 48 16 66 9 89 75 92
56 20 73 51 55 98 96 30 80 57
2 81 83 10 74 67 45 97 39 85
84 38 14 73 24 35 99 100 70 97
26 25 46 30 61 90 35 89 31 62
42 82 95 88 28 22 78 73 91 81
14 76 2 89 7 64 13 55 78 27
9 52 89 50 12 75 96 83 44 95
83 43 85 5 5 57 75 42 23 37
32 95 5 61 2 59 24 24 38 56
98 18 30 90 53 82 12 67 54 92
63 80 18 7 10 99 94 57 33 7
64 8 69 68 81 91 34 5 84 68
33 32 30 44 32 60 78 35 44 13
10 47 53 19 29 18 36 2 83 42
79 23 63 79 50 71 96 45 10 76
22 57 57 12 41 95 65 97 74 69
63 64 24 25 21 21 18 67 23 16
35 72 35 48 77 43 100 81 92 20
87 53 87 18 35 79 96 19 25 8
3 59 28 88 46 43 23 79 8 2
24 37 75 76 75 95 83 81 75 56
10 39 74 11 62 82 16 9 86 94
68 97 13 89 65 67 49 88 83 48
82 77 57 12 21 26 47 70 9 63
47 55 41 86 68 7 14 47 59 35
77 14 50 8 84 78 63 18 83 60
37 41 34 30 2 10 56 45 29 22
11 88 4 65 94 71 13 94 66 67
50 40 85 12 90 90 16 18 95 38
62 49 6 57 64 85 33 31 6 36
7 25 57 37 83 64 89 13 83 55
95 68 35 74 80 99 64 97 26 49
53 81 69 30 92 31 82 80 58 33
64 35 74 88 45 58 29 3 77 52
88 69 53 84 82 89 8 33 16 100
80 54 24 51 85 92 100 7 45 13
1 83 20 95 59 85 47 74 69 20
86 85 12 96 18 26 67 12 46 10
99 37 47 79 80 24 52 82 83 41
20 26 97 37 28 85 81 8 75 14
21 68 92 27 71 92 65 65 90 32
73 82 41 78 77 78 94 99 51 78
12 22 64 1 16 45 96 24 26 53
70 74 26 82 8 97 92 46 62 52
7 12 77 100 35 20 7 82 87 63
10 91 75 28 37 91 16 74 95 37
46 24 19 97 2 54 8 28 28 39
97 53 93 40 74 79 53 6 87 98
94 96 36 88 98 95 41 69 15 67
