200 5 2
100 100
31 57 11 44 31
64 86 49 86 5
13 17 40 6 76
92 3 84 65 40
72 22 92 12 93
8 27 77 96 48
97 21 62 76 60
76 6 42 63 21
26 75 41 42 43
53 98 63 100 70
50 79 2 11 5
60 90 2 41 30
87 64 64 75 69
18 6 37 71 93
85 55 16 92 77
100 95 86 87 55
37 24 57 5 2
58 93 81 14 12
51 56 88 39 42
59 46 42 43 24
27 73 57 89 63
40 52 95 88 1
34 56 49 75 42
99 63 10 27 4
93 26 87 26 66
90 43 85 49 25
10 84 76 16 91
52 97 50 48 37
37 44 25 56 2
49 100 36 24 7
83 53 42 88 82
37 58 32 26 51
38 70 87 61 19
20 8 37 9 74
3 38 78 64 46
72 39 91 77 43
74 87 61 37 23
80 93 22 82 38
15 82 35 56 22
59 65 70 69 96
25 80 53 37 93
82 22 1 57 26
12 76 78 17 21
54 24 37 43 86
67 31 50 92 11
97 83 38 73 81
27 56 96 75 76
46 49 99 75 97
6 30 97 27 31
52 55 26 63 75
91 70 14 93 59
73 100 33 35 28
18 66 9 71 17
51 85 28 75 15
13 70 12 40 68
52 35 14 75 55
22 56 28 31 78
6 55 12 35 52
37 73 80 32 16
89 68 60 29 91
56 82 34 17 29
76 15 24 100 97
31 5 99 68 94
61 80 11 58 26
9 23 72 99 58
96 58 45 87 5
28 15 56 78 69
69 10 99 24 19
76 4 51 17 90
38 28 14 36 97
45 31 60 65 94
5 11 32 99 86
56 70 29 99 61
7 35 70 10 86
39 13 97 96 11
31 97 65 32 76
20 15 21 26 89
41 7 79 23 38
47 16 25 58 87
33 52 26 24 80
7 35 49 19 69
79 22 52 54 79
66 44 47 15 20
11 89 67 65 45
92 28 47 62 54
71 75 1 2 92
14 99 53 93 4
36 64 8 48 32
86 25 72 40 77
6 21 25 14 57
98 24 49 54 19
74 77 1 14 97
95 40 2 20 48
8 51 33 51 19
52 73 87 75 14
48 54 48 4 9
61 89 61 32 89
50 6 44 2 58
30 84 76 81 64
5 38 10 98 50
47 84 54 67 29
60 53 74 65 60
15 97 83 94 13
94 47 98 58 49
21 11 38 58 16
29 45 88 42 10
4 32 98 93 30
47 90 30 34 29
18 61 70 30 26
72 15 85 78 25
29 25 61 61 47
50 15 48 61 1
100 32 90 79 77
63 26 75 10 41
11 47 58 32 74
92 91 34 58 3
79 17 14 62 45
43 93 52 19 32
42 25 47 66 79
32 13 66 96 47
70 59 93 15 94
3 70 80 22 67
13 55 27 70 99
22 91 43 96 62
66 99 89 66 13
42 58 70 45 85
76 28 3 100 9
34 62 64 13 87
16 23 6 78 41
53 38 86 26 45
44 60 61 22 59
60 44 39 69 47
96 98 67 8 17
88 4 12 8 6
65 21 59 38 21
79 75 3 61 23
30 6 97 3 68
76 75 95 59 10
19 42 81 84 58
85 56 36 60 64
94 81 20 41 91
69 25 6 34 47
100 90 7 50 19
54 33 12 63 66
15 34 20 42 28
52 66 76 81 60
42 60 37 91 49
22 89 64 17 34
9 42 47 45 73
94 40 26 30 59
10 53 13 98 54
43 34 98 99 46
69 11 63 75 63
99 78 46 84 49
6 89 48 46 28
98 78 88 33 57
32 51 52 18 21
98 59 85 43 90
53 68 52 36 82
84 90 70 80 12
93 45 11 88 41
9 8 82 47 96
23 8 8 72 83
33 20 65 41 2
48 69 22 4 68
61 24 68 42 28
1 81 80 11 89
2 38 98 26 42
51 84 19 88 44
36 87 36 82 25
18 3 14 84 48
16 40 1 21 49
78 49 7 35 49
4 82 54 88 33
39 63 94 49 72
2 87 83 3 2
68 68 77 79 39
47 79 98 87 95
88 58 54 71 57
68 50 77 96 36
3 63 11 11 39
62 55 23 20 7
11 48 54 59 67
31 24 14 65 29
48 65 10 11 2
31 100 2 20 88
1 47 48 54 8
3 45 41 72 92
55 6 35 58 75
63 11 24 78 93
75 65 44 99 67
29 44 32 98 21
40 46 55 62 61
11 35 8 36 49
91 43 56 56 86
36 6 98 42 69
47 74 36 39 54
64 77 69 22 22
74 42 26 74 59
29 83 23 83 58
