80 8 4
20 20 20 20
23 12 43 88 100 100 47 24
49 34 45 41 80 33 47 18
81 74 97 58 90 69 4 95
72 3 6 14 99 6 54 66
91 100 54 100 26 12 20 1
41 27 81 62 26 98 62 91
15 36 95 85 100 24 70 13
46 51 18 64 85 61 10 29
42 66 30 29 41 2 96 99
31 53 61 96 60 96 65 7
44 85 57 78 43 33 79 34
13 95 18 75 40 28 64 12
71 47 64 19 38 67 74 55
65 82 7 57 39 3 43 45
34 50 18 80 74 43 46 18
9 75 14 47 38 43 100 87
28 86 11 60 39 98 67 90
82 10 21 73 4 19 38 44
39 35 85 57 86 12 17 55
1 63 60 59 42 98 33 12
93 24 17 9 13 60 41 54
99 24 22 69 5 94 96 11
86 27 83 41 38 90 15 29
75 26 4 57 48 91 56 51
63 30 78 36 27 95 70 11
1 72 6 73 49 86 30 55
75 35 23 90 21 35 16 6
49 21 65 80 50 89 23 22
75 39 20 5 15 38 28 32
71 72 40 39 86 45 10 45
12 43 99 69 36 52 40 48
7 7 34 92 27 22 52 65
46 32 8 65 72 77 91 30
37 35 70 11 4 15 86 90
67 99 4 69 2 52 81 53
64 88 99 56 58 8 55 38
42 28 77 78 78 20 81 6
47 23 64 94 61 69 19 53
51 24 79 34 97 44 52 19
52 77 96 24 66 90 91 39
69 7 90 66 43 3 20 26
67 24 71 66 35 63 59 76
23 45 80 30 8 42 57 33
29 87 87 56 81 7 44 48
97 58 19 82 80 5 18 26
9 55 13 3 2 19 28 46
21 56 73 28 20 9 87 85
19 49 57 58 26 90 29 100
96 51 53 16 99 10 81 36
75 95 97 36 40 31 40 71
15 100 52 12 24 14 50 8
74 50 43 55 39 77 19 80
9 31 29 9 28 72 50 32
36 31 54 30 54 94 43 93
92 83 88 21 47 23 9 41
58 98 85 79 6 61 3 44
40 44 93 10 60 21 58 14
29 42 99 89 30 64 83 17
58 2 94 3 18 10 62 20
61 19 99 89 31 57 60 62
81 83 77 42 28 85 16 6
80 99 25 86 12 37 98 72
70 11 23 10 42 95 37 88
35 63 80 10 25 93 65 92
43 57 7 7 92 42 24 82
59 97 12 18 4 57 34 93
91 2 86 100 19 8 15 39
57 53 28 5 17 34 18 72
36 93 39 7 69 93 6 21
46 1 68 84 98 44 84 26
72 15 96 78 71 74 77 81
14 46 100 63 1 24 100 42
52 52 13 91 76 67 70 81
37 34 89 93 28 55 60 67
54 71 40 56 99 27 80 22
16 27 81 18 93 51 48 91
90 83 34 31 100 39 94 1
66 71 53 90 44 62 78 13
3 36 69 40 76 49 49 88
32 22 90 91 27 47 63 23
