100 6 2
50 50
40 60 63 22 48 46
81 54 8 33 88 75
15 77 57 36 93 29
78 64 98 36 47 74
65 8 40 19 37 59
4 37 85 50 43 13
62 63 8 38 66 75
80 88 91 17 42 45
2 34 52 92 81 81
14 56 46 49 7 77
49 13 60 100 72 83
8 58 73 25 23 75
37 31 29 37 43 98
24 42 39 83 5 33
34 24 51 34 27 99
72 80 97 22 21 45
13 94 83 85 16 30
18 2 1 20 86 54
62 95 1 56 19 98
94 24 35 4 15 27
23 39 90 67 2 22
85 83 17 48 41 54
44 32 52 67 2 7
17 87 81 98 77 72
37 76 39 41 42 96
46 38 100 71 99 81
96 79 29 37 64 92
37 33 53 69 84 37
25 11 48 36 15 1
16 91 55 55 71 96
30 64 19 82 66 40
80 20 66 91 69 13
2 30 72 6 37 18
48 33 7 41 33 17
19 13 11 26 17 8
9 53 54 23 24 25
90 81 33 10 28 12
49 7 75 29 83 1
62 82 42 84 60 53
49 41 68 94 82 11
78 54 60 66 44 35
69 57 46 93 93 6
21 1 48 27 70 46
54 43 73 90 42 17
35 36 17 34 68 21
100 43 74 1 45 52
16 30 9 90 80 34
52 9 27 98 16 49
91 83 56 38 17 31
45 56 96 20 44 64
92 74 34 44 5 13
52 82 11 46 2 71
100 41 26 21 22 26
33 89 61 62 11 74
99 10 38 62 28 15
96 9 34 47 23 53
46 98 9 95 65 2
84 38 100 82 29 18
41 12 97 10 42 33
78 55 56 32 85 86
67 65 90 40 96 89
77 35 86 28 84 45
94 88 78 79 100 24
86 43 80 40 33 43
91 98 69 49 62 3
48 57 59 33 15 32
96 63 94 27 88 73
16 63 13 86 19 37
13 32 60 38 12 26
27 45 25 64 84 75
56 67 24 86 34 15
75 1 1 37 14 98
77 74 60 55 70 14
9 24 40 90 16 83
38 16 89 68 28 25
80 4 90 59 15 98
18 70 62 64 87 95
87 37 53 28 69 14
18 94 98 71 88 47
94 78 53 16 36 67
75 63 53 89 13 85
20 94 58 82 47 26
20 72 73 70 25 8
87 68 2 45 85 94
11 91 25 36 49 35
2 26 74 75 55 20
68 32 46 32 83 43
100 91 69 23 66 100
73 99 84 40 70 5
50 93 80 46 57 10
28 65 74 6 51 29
33 6 23 99 57 34
80 62 37 97 35 3
37 67 37 70 98 47
20 71 5 70 76 93
16 39 56 81 54 24
38 39 89 75 19 51
36 19 2 3 89 78
13 86 13 40 29 60
19 15 60 70 75 77
