40 10 2
20 20
61 57 17 64 16 1 91 12 17 65
31 87 60 58 26 92 26 71 66 96
100 73 56 50 77 37 90 2 71 9
92 80 77 74 42 37 81 55 58 78
20 46 22 27 93 62 20 53 81 72
54 68 86 44 7 23 35 43 94 12
79 90 17 1 12 87 45 9 87 23
77 62 54 42 3 80 41 90 93 39
23 38 36 99 63 86 16 81 80 88
82 29 23 18 93 94 39 31 6 30
87 94 2 13 55 85 60 25 29 69
80 8 15 10 39 9 2 95 82 6
25 84 15 31 50 55 46 85 21 22
4 75 28 72 49 71 48 26 88 33
60 35 71 46 85 30 6 39 45 64
9 54 97 59 84 5 6 34 7 40
65 51 61 88 15 100 88 91 6 89
37 64 67 14 15 47 87 42 53 4
77 18 15 91 9 22 67 65 10 48
24 53 97 1 6 50 84 98 63 91
28 38 86 92 5 24 43 11 91 26
43 73 12 69 56 53 51 46 15 84
52 67 97 65 60 87 63 73 8 40
33 23 52 81 36 57 56 96 16 76
98 51 93 82 15 1 86 31 13 78
59 61 17 77 42 100 44 26 71 21
27 47 44 67 82 90 31 38 68 33
98 70 75 55 96 58 37 77 38 80
29 78 46 7 30 40 73 34 34 28
16 49 100 7 14 60 47 52 7 55
13 81 61 90 19 49 77 79 89 70
24 51 46 79 92 57 31 88 22 84
89 15 6 78 83 21 60 36 86 41
62 93 72 36 2 4 47 50 68 54
27 27 74 54 17 70 75 7 72 34
68 28 37 59 50 84 37 74 37 100
49 18 51 52 48 64 99 80 10 30
15 30 73 45 85 42 25 14 34 80
39 13 2 38 10 54 83 18 55 27
5 29 35 53 8 23 99 58 80 40
