100 10 2
50 50
59 31 90 65 80 29 66 30 2 98
59 86 75 78 40 35 16 86 84 31
12 94 74 79 96 56 24 9 26 22
20 93 81 6 48 98 34 17 38 42
88 88 49 46 63 77 70 29 2 67
47 77 20 21 47 20 81 98 83 80
52 5 51 58 51 89 33 47 94 47
70 76 78 84 95 18 97 16 9 36
44 88 25 34 94 18 57 62 79 7
32 13 39 56 12 38 18 86 54 100
23 74 24 76 70 57 72 38 65 97
2 1 41 38 41 100 22 29 87 90
47 45 34 39 69 76 11 60 81 7
45 62 37 99 68 11 51 86 81 42
23 25 85 42 96 60 42 17 2 56
54 22 33 11 80 38 2 60 77 65
1 18 71 65 22 48 33 49 17 68
56 24 17 51 50 85 41 16 16 88
68 52 73 7 14 60 4 19 7 55
38 56 43 25 52 96 74 84 91 74
16 57 97 32 31 36 31 31 85 79
28 24 46 46 52 46 51 57 39 16
25 35 13 80 34 73 16 56 68 37
65 17 18 21 31 70 59 40 15 49
98 52 90 9 31 85 8 40 73 47
77 18 54 99 39 32 57 81 80 37
47 62 53 17 9 30 94 45 5 35
81 91 3 8 47 97 94 5 14 62
79 53 73 14 59 3 26 80 59 96
45 33 41 24 92 3 12 68 40 25
3 47 57 29 7 59 93 29 8 25
61 51 76 4 65 72 5 7 22 19
93 67 33 70 5 4 30 7 32 68
75 28 65 17 13 26 49 48 11 78
4 71 58 39 33 77 16 36 21 55
18 52 82 59 31 60 91 34 39 96
22 73 16 32 58 90 69 24 81 65
38 18 50 19 44 93 64 77 92 56
82 75 71 89 3 76 73 85 32 52
38 31 83 22 72 17 94 35 32 61
62 92 56 16 52 66 38 91 35 30
51 32 23 7 56 79 5 17 43 3
67 86 57 55 79 62 58 23 62 75
58 10 89 68 6 52 88 25 97 15
95 12 70 92 70 51 33 61 44 58
97 77 75 63 11 99 85 82 24 43
67 58 42 44 44 80 26 63 57 44
19 79 35 92 86 94 2 51 56 43
51 55 22 37 45 42 6 16 54 76
14 29 9 45 24 32 75 85 19 13
63 56 56 69 70 10 73 46 38 87
89 4 13 74 11 53 70 70 76 44
13 28 53 36 78 22 30 48 91 48
42 85 13 44 58 18 45 72 34 62
45 11 59 26 93 47 64 49 58 67
30 88 83 23 53 78 76 41 34 15
93 12 22 99 52 41 40 5 67 76
23 33 74 91 32 42 67 49 17 29
76 32 37 30 22 86 47 23 67 84
41 73 20 87 92 59 13 46 78 73
63 61 92 30 20 93 9 16 84 6
93 39 18 77 34 62 97 35 49 1
50 49 5 65 30 71 59 20 98 73
25 81 63 77 61 24 8 81 51 51
58 23 82 41 95 85 50 50 76 79
35 39 54 71 58 55 97 89 96 80
81 21 51 71 4 88 15 43 1 42
30 9 81 39 42 25 52 93 67 13
49 17 54 32 61 53 79 69 39 64
53 4 38 67 20 66 64 92 28 42
41 39 3 71 59 7 23 39 8 99
99 35 73 83 62 23 58 39 77 61
66 7 96 62 98 87 73 96 23 72
1 6 1 88 8 11 77 99 28 46
25 96 96 99 42 2 79 18 4 94
2 3 62 32 79 2 28 5 51 38
36 67 44 73 76 61 94 2 89 35
81 100 97 29 78 50 80 78 75 24
33 24 87 99 78 3 26 42 30 59
40 96 50 73 62 85 93 9 65 42
28 37 36 62 70 79 86 72 60 4
74 12 73 14 3 31 63 98 50 89
76 99 35 92 29 65 84 63 44 16
57 10 47 14 100 23 78 69 67 5
52 100 94 5 94 92 51 18 15 3
94 83 57 6 34 89 14 47 6 8
46 76 38 40 80 58 90 64 15 99
76 73 91 71 1 86 83 19 70 12
53 29 90 66 67 37 58 40 6 24
60 24 30 93 30 29 34 82 6 36
24 4 10 50 70 97 94 44 41 99
78 10 22 53 57 77 1 99 93 58
71 1 15 70 46 10 60 62 98 71
37 69 13 33 60 40 60 39 15 28
4 24 29 99 18 86 11 67 91 40
56 15 74 7 93 36 5 57 33 66
86 61 86 99 97 63 95 87 59 80
81 40 93 35 6 16 36 66 5 47
54 70 91 63 34 42 21 39 31 33
34 89 95 45 22 29 67 28 64 10
