500 4 2
250 250
54 57 74 89
72 58 10 75
44 94 15 43
22 24 13 64
72 32 75 17
3 11 31 1
31 80 35 37
10 86 77 64
22 91 20 88
34 45 25 38
66 1 26 81
91 97 10 96
50 28 18 72
37 98 55 6
1 32 90 49
55 28 71 6
10 86 29 25
75 94 24 97
49 13 20 29
66 4 96 37
64 83 92 56
93 32 67 44
33 77 83 28
56 94 95 33
6 61 80 80
30 83 80 61
91 25 57 66
81 42 25 33
44 90 27 67
30 72 42 13
64 75 65 13
84 4 68 29
16 81 84 78
68 79 70 68
32 47 63 11
9 23 77 18
59 61 52 94
69 4 59 72
47 44 23 49
27 6 31 22
12 53 29 35
51 67 70 7
7 49 75 16
17 51 58 91
80 26 50 74
57 70 98 76
21 23 40 4
55 63 63 82
13 41 37 29
12 90 76 63
30 33 17 98
55 25 26 20
70 68 34 70
63 33 76 32
5 57 75 5
24 65 12 32
80 7 61 89
58 22 40 89
3 37 89 83
66 63 38 69
96 72 50 84
91 51 2 88
14 6 77 100
97 70 61 91
46 82 97 17
99 63 46 4
46 54 93 89
18 57 24 52
70 11 3 80
22 95 55 40
11 82 14 46
90 72 15 38
65 55 25 31
6 57 96 14
54 82 81 17
69 45 90 12
7 47 13 47
82 71 92 68
71 13 36 23
46 83 9 5
87 93 71 36
82 41 34 61
79 99 19 82
48 17 36 23
19 60 88 77
32 88 78 91
75 25 53 69
35 50 49 91
63 80 1 14
75 14 85 92
40 57 90 63
68 42 13 19
25 7 29 73
84 34 41 60
35 55 50 45
72 99 71 3
66 88 34 45
99 32 24 58
50 13 13 75
61 13 91 46
90 96 57 80
47 88 52 57
34 88 15 21
69 90 31 21
44 66 81 52
95 29 72 37
80 68 88 71
37 33 62 42
90 97 66 39
86 49 33 38
97 15 4 90
6 15 12 91
97 60 12 67
4 60 8 76
33 50 69 67
69 10 62 40
99 67 98 72
21 99 86 89
85 22 17 3
27 6 65 38
76 52 44 27
76 75 18 69
58 6 57 92
5 85 21 93
1 7 49 86
38 80 46 11
16 98 14 36
67 78 70 10
9 31 58 92
95 15 61 51
79 29 27 63
2 87 40 32
32 40 95 5
32 6 67 27
10 77 44 73
97 90 20 39
55 84 36 90
35 26 61 20
53 4 68 86
88 4 85 42
40 21 43 27
77 97 23 22
56 90 5 22
97 36 38 38
73 10 31 83
40 12 26 85
50 84 59 80
43 90 17 64
75 57 9 3
12 32 42 97
8 58 29 50
51 61 9 9
32 69 49 65
25 1 90 36
63 86 60 25
16 88 36 25
1 73 23 48
62 37 59 55
6 4 88 46
78 95 43 92
28 42 73 76
7 41 83 43
40 17 39 43
53 84 60 91
38 83 53 66
75 87 96 14
19 81 30 13
70 23 64 24
43 29 97 51
61 22 24 78
39 21 15 93
62 83 21 45
21 100 60 13
93 47 71 37
15 40 37 73
70 70 20 34
13 63 91 85
94 20 37 60
10 54 29 97
97 8 91 89
89 63 73 72
42 23 26 91
54 16 10 10
72 15 19 55
35 54 95 29
53 66 95 29
7 79 40 91
68 31 31 74
3 94 94 64
47 47 83 38
14 35 73 32
36 36 93 69
90 54 29 6
51 46 87 41
12 96 50 2
77 23 66 53
78 76 23 79
76 86 23 36
25 53 12 57
43 65 83 70
95 52 37 58
27 18 17 92
100 81 45 42
76 29 81 58
50 56 13 28
3 75 96 79
48 16 33 27
66 86 52 54
78 90 50 15
16 55 12 65
17 71 68 41
56 72 50 6
64 82 46 31
3 72 48 56
67 45 43 43
64 42 21 38
79 6 76 86
60 23 73 100
87 53 16 90
53 78 83 21
88 49 34 17
67 44 76 33
6 52 58 33
11 81 32 96
77 99 14 79
36 68 41 92
46 93 62 21
88 28 100 97
49 84 50 59
44 74 11 64
75 67 43 33
38 13 34 31
39 25 98 47
5 43 89 12
98 80 99 6
22 37 31 65
98 49 78 31
7 95 24 27
42 9 63 4
9 4 93 59
97 11 56 54
99 48 40 58
95 5 13 79
45 51 38 7
99 73 89 86
44 45 51 79
25 66 73 68
18 89 32 30
50 99 4 68
18 5 11 21
51 56 76 90
87 79 71 75
41 3 47 65
76 51 57 46
11 6 20 73
12 12 92 65
88 12 61 86
62 51 82 87
66 43 73 80
48 38 33 51
78 86 36 27
96 40 9 29
4 15 84 75
37 87 16 24
42 49 87 70
87 58 87 56
87 43 42 77
65 38 87 22
89 76 8 6
39 67 87 38
91 59 33 57
15 91 67 97
64 98 49 21
80 80 32 89
91 80 50 25
91 77 75 82
71 59 67 95
72 76 12 55
39 67 4 62
35 75 56 17
23 84 9 71
63 24 40 82
90 18 85 35
10 69 73 66
50 10 65 44
8 85 100 14
15 45 18 59
84 7 13 3
36 28 45 3
28 40 19 62
65 87 81 53
71 100 59 94
19 76 35 3
51 86 46 14
27 8 9 28
87 31 67 27
13 50 81 93
84 51 52 9
22 30 62 71
46 97 16 59
100 74 40 67
62 88 29 52
98 47 83 73
84 60 62 1
37 75 63 79
39 88 19 1
73 79 13 41
19 37 57 23
37 26 51 67
48 66 39 82
58 9 4 60
29 91 89 95
65 86 39 58
4 69 37 89
45 52 79 35
91 70 71 49
7 14 50 70
81 52 38 2
65 12 1 83
9 40 55 78
52 83 81 100
23 88 30 94
12 74 82 12
21 70 1 53
54 57 58 12
39 35 36 59
48 79 1 43
93 9 63 82
1 79 23 97
24 39 22 25
53 32 69 22
84 15 40 82
61 16 87 54
71 100 98 88
78 1 92 71
7 75 29 95
43 16 22 28
1 62 52 30
31 42 86 33
55 83 57 17
31 25 16 67
91 82 76 67
63 20 99 57
28 3 13 75
34 10 56 53
17 10 23 68
1 51 70 76
19 87 48 4
4 46 94 34
93 52 63 8
66 43 100 19
9 87 88 91
81 14 30 35
31 48 65 2
46 60 71 23
11 18 8 4
95 49 71 80
92 23 74 60
52 78 57 84
29 12 20 90
97 14 22 80
57 69 28 26
29 72 100 89
69 27 28 70
56 16 45 35
91 84 52 45
53 92 73 7
59 45 85 86
72 45 46 9
36 46 4 7
78 66 100 53
25 26 25 55
65 68 42 10
75 55 97 21
70 98 77 7
69 48 2 76
76 31 43 49
46 96 67 62
93 94 41 12
13 11 89 37
42 25 20 4
23 75 24 61
84 71 36 25
41 18 98 82
85 58 92 55
31 79 42 52
76 8 40 51
4 21 55 73
81 85 93 37
51 5 41 68
9 76 82 18
25 50 92 15
32 59 57 52
48 17 98 2
92 6 12 49
68 5 4 77
22 24 86 5
82 65 57 5
56 36 76 68
6 28 10 68
81 37 44 2
54 39 66 54
48 4 35 1
56 34 88 23
31 31 14 62
32 87 11 58
28 13 89 20
6 37 17 30
32 5 97 2
6 55 81 34
100 39 50 69
14 19 80 74
19 60 77 27
31 3 27 17
43 21 14 44
2 3 85 26
41 54 11 100
93 45 53 49
87 88 83 54
15 66 45 35
79 10 98 14
63 51 97 89
76 65 94 26
79 58 74 84
77 43 71 39
83 86 56 12
86 20 87 1
23 56 42 31
48 32 67 87
30 7 85 29
28 95 86 75
100 29 48 26
93 19 17 28
12 93 51 87
99 68 19 22
73 40 49 10
96 56 21 45
48 42 57 2
24 1 44 67
2 51 9 83
30 61 36 33
80 92 23 61
51 26 29 45
88 71 8 70
40 46 49 28
61 10 37 67
28 14 24 2
24 7 62 37
41 41 74 97
83 12 56 43
32 77 89 89
7 54 7 16
84 83 17 44
81 48 89 85
92 53 21 94
49 92 97 83
44 21 78 84
68 10 20 81
49 35 32 67
50 21 69 35
77 66 19 30
58 17 19 57
22 75 27 84
79 1 7 26
95 70 61 49
11 14 91 14
7 26 29 8
4 35 87 1
8 44 58 31
69 54 11 79
76 70 14 78
36 47 19 90
90 5 92 29
18 93 98 43
20 80 82 8
28 16 64 100
13 69 46 7
35 59 78 28
82 66 44 8
79 96 58 64
94 59 7 64
62 51 84 27
40 58 46 7
94 92 96 88
20 77 33 65
64 99 43 75
80 70 2 19
55 31 36 63
87 74 56 42
26 53 3 3
15 2 75 87
43 77 63 66
7 94 57 13
16 43 47 13
98 25 54 84
72 46 61 25
41 16 63 63
93 64 42 38
74 3 92 95
74 70 58 83
