60 5 2
30 30
73 54 79 32 66
24 24 22 29 34
40 77 56 32 56
41 19 4 36 2
15 54 15 72 36
85 3 55 3 62
32 60 55 21 99
40 80 26 59 30
56 94 56 4 17
53 25 65 24 12
20 12 89 91 96
58 47 43 43 9
87 21 48 10 53
7 29 68 99 37
46 11 51 58 50
75 33 59 65 69
67 5 97 5 97
65 19 33 96 67
10 77 49 17 86
33 97 52 11 13
91 5 18 60 17
9 44 17 66 66
4 22 19 94 79
58 66 23 10 69
34 45 54 36 98
66 10 77 87 61
37 40 27 68 99
19 47 26 51 45
8 3 34 73 5
29 96 2 95 13
56 45 91 63 40
12 49 42 77 2
76 12 87 7 15
34 54 47 8 50
30 54 32 51 65
79 3 26 49 65
94 82 65 23 75
90 14 95 70 30
95 19 69 93 6
32 61 97 59 6
53 76 61 33 47
18 4 41 58 11
97 52 58 6 58
43 93 75 88 63
61 6 21 41 62
61 93 79 50 74
3 75 59 65 43
12 94 26 58 84
29 92 61 37 65
34 71 60 8 78
58 37 56 46 72
74 93 27 23 64
56 68 5 94 90
91 24 26 57 37
67 44 52 58 57
90 94 69 95 85
6 25 35 65 50
56 71 17 22 62
93 98 76 55 68
19 81 99 49 9
