60 6 4
15 15 15 15
32 87 34 26 98 21
14 45 47 16 11 82
36 20 25 41 52 14
58 58 95 64 20 100
76 39 12 75 48 62
80 71 98 18 10 56
36 58 54 93 95 39
88 31 29 19 68 51
85 14 48 85 14 89
27 30 98 83 40 26
7 18 86 82 4 75
73 97 63 90 6 19
67 52 76 72 44 71
26 90 18 95 45 76
75 78 14 13 57 11
68 56 87 30 75 62
36 73 100 71 23 30
39 43 78 21 36 81
70 100 45 95 30 79
8 64 33 50 1 4
59 71 95 69 71 74
87 24 42 50 27 16
51 81 23 34 7 52
25 70 4 29 32 72
23 61 100 62 72 2
57 41 43 36 10 41
90 45 19 63 64 29
46 74 55 71 24 27
41 14 94 22 42 80
53 70 67 88 97 69
100 59 3 66 32 28
9 79 33 68 44 30
94 2 26 1 23 17
29 62 30 71 18 58
90 85 72 74 68 49
20 84 73 50 53 79
4 74 33 94 63 23
49 46 50 37 53 4
61 11 95 45 80 57
44 34 12 38 95 25
61 99 91 61 35 9
71 16 92 83 27 14
79 6 7 35 86 15
6 3 50 35 15 38
59 59 65 54 85 57
55 66 26 10 18 82
97 99 60 47 11 50
36 6 91 9 63 76
22 89 46 13 27 95
26 77 40 36 27 15
98 83 15 11 35 38
96 51 28 63 67 5
5 84 12 37 17 24
52 94 97 68 39 61
98 88 22 6 57 60
50 72 62 94 94 44
16 22 46 23 77 97
23 38 21 61 54 51
20 78 44 61 53 26
100 17 69 87 9 44
