80 8 2
40 40
79 57 54 6 31 76 68 44
65 56 74 36 30 52 85 7
93 28 31 68 18 45 46 94
88 51 47 28 78 73 29 3
9 34 49 11 86 29 79 35
8 16 16 52 57 68 83 39
42 91 52 25 10 8 82 16
94 53 35 92 46 46 79 29
8 42 60 74 38 1 73 2
37 64 68 19 58 38 30 96
65 87 57 93 100 20 86 97
50 61 87 33 71 26 16 63
92 93 32 5 65 97 39 5
38 88 55 82 30 4 38 4
58 35 100 32 4 73 2 92
76 91 16 72 77 89 24 31
25 11 80 37 99 64 29 99
57 96 62 56 54 57 96 40
44 89 62 54 53 67 97 47
40 31 13 14 33 43 85 89
85 33 17 50 51 71 92 91
77 66 72 7 20 58 16 42
55 51 2 69 22 93 14 72
41 95 95 35 88 70 31 41
58 31 12 19 50 12 29 15
19 27 31 55 80 3 94 42
37 98 22 36 88 47 38 26
23 26 82 7 42 98 24 83
58 57 74 87 20 22 86 32
59 60 34 5 27 99 10 20
81 51 62 57 20 71 99 28
12 2 100 33 30 92 61 80
67 16 56 67 73 37 58 58
87 28 42 3 94 74 34 96
78 49 23 85 81 12 94 4
76 82 3 20 42 74 100 54
6 64 91 61 33 63 28 15
73 28 17 12 85 5 78 26
1 69 7 58 65 9 31 43
14 70 27 65 59 67 18 8
26 28 44 9 79 77 26 10
72 68 86 21 27 77 53 45
9 51 91 64 55 9 7 92
67 8 64 80 20 61 88 70
26 55 99 67 19 53 12 33
44 75 32 72 43 62 68 18
78 64 17 24 6 2 1 67
55 86 63 28 12 13 82 65
98 81 65 99 83 14 92 85
9 17 3 16 62 28 42 30
56 88 16 4 56 85 2 95
36 90 59 91 85 60 1 10
93 31 5 8 48 3 47 33
14 61 55 94 39 69 48 84
46 24 50 51 57 49 50 73
99 63 18 68 89 65 32 34
15 40 98 77 81 86 98 80
37 50 12 37 13 60 77 45
9 27 83 57 34 91 16 63
69 96 18 85 43 88 20 23
39 100 16 48 13 75 88 74
13 3 56 3 80 41 32 89
95 68 75 37 71 51 93 4
49 47 49 41 25 74 78 91
55 31 35 17 32 82 93 29
77 49 39 24 100 21 44 91
98 16 100 50 17 79 25 49
79 78 35 74 82 80 14 74
34 80 67 62 8 89 58 79
45 75 23 93 21 12 12 30
40 50 96 28 22 17 49 32
22 20 92 56 76 10 86 54
23 39 14 85 34 50 59 55
9 8 42 63 32 81 70 25
73 90 26 39 94 14 74 56
80 71 97 5 43 92 78 1
60 98 53 92 3 21 84 86
62 15 93 82 42 37 80 90
10 62 82 74 83 64 71 8
27 1 90 35 88 66 8 43
