400 4 2
200 200
23 53 50 6
9 71 2 71
99 18 16 28
5 34 66 16
73 26 61 16
91 85 11 65
25 25 48 36
53 41 44 24
47 4 44 5
57 28 66 74
22 84 34 8
22 26 97 41
95 72 75 57
30 58 78 7
24 86 52 29
72 43 97 88
33 98 11 26
84 57 55 40
29 43 77 20
1 1 67 69
37 1 76 84
46 41 47 58
57 46 23 23
46 81 46 42
73 17 59 48
11 94 28 77
47 61 24 73
42 96 6 1
85 37 6 12
49 71 70 87
57 9 27 12
86 52 87 7
9 43 21 54
44 29 51 88
100 87 33 95
56 53 98 20
50 17 50 53
6 24 51 39
81 62 30 34
40 10 21 95
86 47 93 75
27 32 92 95
70 11 92 36
20 91 86 67
31 1 84 73
8 47 54 73
80 38 60 79
63 67 59 2
27 8 3 57
23 93 43 88
77 30 90 86
67 13 89 46
1 98 57 74
65 18 32 26
95 99 88 27
18 98 66 24
37 55 96 59
19 98 55 92
88 51 9 29
95 29 53 51
25 25 91 98
20 27 80 88
78 50 41 11
95 87 17 92
23 36 53 65
48 19 16 68
48 11 51 21
1 11 31 22
92 82 10 62
91 85 21 20
31 76 29 7
63 86 87 47
50 7 28 36
53 38 34 33
37 29 79 84
39 66 74 21
87 60 91 9
36 57 7 83
82 97 12 41
37 7 62 23
14 52 16 71
57 91 63 8
53 78 91 35
13 39 60 34
69 72 42 95
46 18 53 2
76 61 76 33
82 37 76 67
46 22 40 9
74 39 42 91
19 81 16 37
79 41 46 2
94 2 4 93
63 37 89 45
95 52 46 56
31 73 73 76
34 8 66 38
32 63 62 51
12 41 34 69
85 100 33 74
46 91 81 23
19 87 43 37
5 25 21 23
37 92 91 69
76 27 46 50
34 84 65 52
26 82 23 31
29 35 77 81
7 40 89 10
2 76 46 93
21 68 26 2
41 34 80 70
56 44 81 100
29 11 54 99
50 28 31 69
46 64 4 47
38 37 33 65
51 3 63 78
6 90 4 53
72 21 32 30
46 10 9 5
22 6 44 12
76 99 71 22
17 22 63 9
100 14 16 92
70 46 48 90
91 29 19 88
72 94 48 62
26 35 24 63
100 86 23 20
31 35 42 99
4 20 2 75
86 29 57 18
68 63 24 70
13 89 91 63
41 77 22 14
44 74 12 94
89 39 51 86
34 46 76 78
13 20 65 2
88 67 50 50
29 32 89 39
94 1 58 86
8 67 52 52
84 48 19 13
28 69 73 51
80 81 8 33
75 32 16 98
85 71 41 55
1 5 48 52
28 12 53 58
35 48 80 83
72 87 40 19
78 71 66 9
44 34 76 83
58 47 88 50
55 96 27 71
15 90 67 89
5 90 19 35
33 29 52 88
99 95 31 17
49 20 4 100
16 59 35 67
5 85 62 78
15 94 87 32
23 63 53 59
54 66 40 15
14 11 6 94
72 41 56 61
53 99 56 38
57 27 12 44
91 73 59 12
82 9 30 29
68 95 62 39
11 90 99 48
62 72 80 64
92 82 44 24
85 36 96 50
79 93 69 19
7 47 71 100
64 16 80 89
71 18 26 28
19 22 64 79
30 85 54 8
53 98 84 89
26 81 55 56
56 96 4 90
77 75 5 28
73 72 69 82
55 98 13 37
40 39 94 7
67 56 8 29
69 67 37 70
71 99 81 61
53 86 73 28
83 15 62 80
62 94 74 53
77 53 3 97
7 73 74 75
60 86 11 86
21 49 79 57
84 89 38 77
87 67 30 74
36 87 32 14
90 69 61 77
3 77 98 90
90 72 76 77
10 63 33 86
42 10 63 82
78 34 23 73
4 77 8 65
53 74 21 64
7 77 67 42
94 5 48 13
88 85 38 3
29 76 78 98
7 62 12 15
18 64 5 45
88 80 4 82
72 53 100 71
72 51 2 54
25 90 10 60
55 74 76 98
65 50 52 97
66 30 30 81
50 60 98 12
97 94 10 29
84 44 79 32
88 56 78 69
26 17 29 33
40 50 15 49
44 18 43 25
92 42 46 4
54 66 52 41
15 38 54 31
98 85 7 84
69 91 55 49
49 30 39 72
57 32 54 97
50 3 41 87
59 51 75 81
25 41 70 90
35 5 69 56
20 38 93 2
24 22 26 43
57 94 98 23
82 37 39 79
16 33 65 60
41 75 11 66
76 28 55 84
68 61 98 72
67 11 60 29
71 35 17 95
44 77 44 15
69 89 84 86
54 86 34 42
38 64 43 98
66 45 72 10
76 71 4 17
5 14 18 31
80 16 11 73
75 55 69 71
1 52 94 51
94 47 47 12
26 91 90 40
57 12 46 36
26 43 27 99
1 30 60 73
31 57 5 28
52 49 35 44
49 96 30 66
66 100 100 21
37 73 69 49
90 90 78 66
72 4 45 23
16 25 91 23
5 83 86 73
6 82 94 78
79 82 91 13
89 46 18 10
56 9 87 72
89 57 90 3
67 98 79 43
13 65 74 79
96 11 33 89
12 60 53 87
63 70 23 31
1 33 21 50
47 51 51 60
92 1 89 51
90 11 8 31
91 77 7 26
53 25 42 60
35 82 45 71
25 57 52 5
2 31 7 7
5 95 13 15
6 40 65 38
4 19 19 84
44 17 19 8
37 85 85 25
91 70 43 45
14 38 41 73
30 13 70 31
33 95 30 60
80 65 5 57
40 59 76 43
52 79 96 38
16 55 80 64
41 30 86 2
96 95 79 68
56 72 27 78
41 11 60 31
17 18 39 46
5 29 17 48
84 16 33 22
73 56 100 97
9 36 37 95
74 100 85 80
9 62 90 43
72 73 70 95
96 79 7 78
9 16 75 11
39 97 4 12
50 48 94 25
22 31 59 50
32 61 42 42
21 57 47 31
53 74 82 97
31 91 50 87
29 35 24 14
2 78 62 87
4 36 45 79
73 69 28 96
6 75 59 43
3 47 74 46
72 86 33 24
47 7 31 13
84 12 52 39
35 7 67 55
3 96 45 2
21 67 56 27
80 18 49 69
41 47 74 5
78 5 70 4
87 53 79 77
48 78 54 14
78 51 30 80
34 34 98 60
98 88 53 87
100 56 46 60
18 37 37 81
7 13 60 23
36 31 52 73
79 92 55 89
95 47 92 36
43 62 44 69
59 52 100 79
24 80 29 1
65 30 29 71
32 80 33 66
81 38 35 94
78 91 58 38
25 78 21 86
2 4 19 54
40 67 64 97
92 67 90 35
30 54 1 80
42 69 46 91
86 8 56 78
70 64 10 80
74 74 36 84
89 29 25 26
59 87 21 89
14 66 9 98
77 74 27 42
37 89 73 18
96 85 29 78
9 48 5 36
22 41 58 4
10 99 36 94
23 95 15 41
99 10 69 85
8 25 68 61
61 55 22 51
69 17 23 64
15 56 98 96
56 11 82 94
34 57 25 94
76 11 37 84
91 51 89 33
16 80 54 72
48 85 68 21
27 80 52 38
27 20 59 24
37 20 78 52
53 25 17 43
64 24 32 30
45 22 78 40
48 36 2 36
