100 7 4
25 25 25 25
28 68 11 51 60 75 87
89 95 48 52 82 3 41
30 93 98 26 19 70 22
19 1 66 78 91 28 5
3 16 33 17 3 4 47
82 78 70 50 89 36 14
67 32 75 50 54 49 40
99 17 22 67 6 39 35
59 23 7 41 66 66 45
47 22 29 20 75 28 11
64 54 40 9 69 41 55
84 44 48 17 31 95 46
17 30 75 55 94 4 84
73 24 43 38 5 73 7
10 22 32 86 52 1 14
24 45 48 53 12 66 55
99 58 95 87 2 89 52
67 92 12 40 49 13 24
25 76 51 61 96 29 91
12 78 6 72 55 25 59
93 91 12 78 62 30 67
100 58 55 10 76 76 12
62 58 14 49 63 75 72
32 84 62 43 76 67 75
53 15 11 43 84 72 38
97 15 80 7 97 100 21
24 36 10 80 82 27 36
32 96 81 100 74 52 100
54 1 60 34 60 86 32
50 11 16 18 4 46 30
18 27 20 84 68 51 52
69 42 67 21 93 23 96
13 56 22 35 28 33 88
48 24 84 20 60 55 42
26 86 90 12 91 74 18
47 5 6 29 81 91 20
72 19 95 38 79 12 59
77 43 62 72 64 94 51
16 51 33 100 45 16 29
22 21 89 41 47 98 25
42 80 95 47 14 50 34
42 71 93 95 3 13 60
53 73 53 79 99 93 69
70 97 79 8 90 38 36
67 6 50 44 91 20 84
35 69 82 77 6 96 60
74 9 76 47 37 10 59
48 39 74 87 79 1 24
87 86 69 70 98 15 66
22 31 1 14 31 65 12
46 46 59 95 26 12 6
82 75 66 7 100 78 39
26 52 55 29 9 40 22
44 87 30 42 69 45 54
62 98 65 85 43 82 40
39 65 55 48 77 62 30
19 30 32 64 86 81 45
11 98 95 97 28 88 5
81 98 51 42 41 99 23
91 67 53 9 57 12 49
81 42 64 62 64 4 19
51 96 26 73 40 75 81
24 64 27 46 24 8 24
97 40 4 64 65 66 49
56 20 43 37 6 45 70
77 91 7 18 47 6 34
18 90 13 15 16 45 5
83 24 88 56 72 94 24
93 25 95 74 50 22 60
85 54 9 63 70 99 5
43 92 3 84 17 17 1
29 63 14 20 82 24 48
26 24 73 69 19 32 23
32 24 17 89 95 26 21
27 51 25 48 48 87 61
64 71 52 41 13 36 89
19 65 77 69 5 20 97
30 17 76 42 38 83 80
6 41 57 79 70 21 57
80 56 89 100 67 78 26
75 99 25 18 66 70 82
89 87 69 84 88 4 79
21 53 37 96 80 39 96
53 72 56 79 88 18 35
86 6 91 20 22 55 99
56 50 24 49 4 34 79
8 45 48 37 67 45 61
74 50 31 24 79 68 28
31 70 83 83 46 73 99
39 58 12 90 62 4 48
85 99 63 36 96 83 97
76 25 79 80 79 20 2
87 71 41 48 3 27 8
86 12 99 32 7 6 13
4 31 54 87 8 2 39
12 44 49 32 36 99 21
71 1 83 20 62 67 55
32 44 85 87 84 88 60
99 94 61 90 57 43 96
62 87 64 9 95 55 60
