300 4 2
150 150
78 14 31 68
70 80 18 36
75 36 37 16
23 67 28 1
95 16 9 61
35 67 13 81
51 13 32 5
21 32 11 64
45 51 73 96
100 40 7 18
41 44 51 59
60 11 29 23
59 60 23 85
16 94 64 37
35 37 12 82
23 57 28 34
35 11 9 62
30 36 35 71
12 3 1 15
11 20 37 79
53 86 19 92
82 89 30 83
54 23 13 4
6 27 55 5
8 41 86 2
43 72 33 84
14 4 51 6
93 77 10 34
22 73 91 82
41 7 14 32
84 82 35 100
1 76 37 75
79 65 85 13
23 10 91 78
13 10 56 42
2 90 24 98
39 33 2 62
8 6 70 85
26 86 55 15
26 37 78 20
76 51 99 2
75 22 48 84
89 81 42 29
38 96 62 51
89 88 76 4
39 11 97 23
86 97 28 18
27 58 46 42
39 6 36 52
68 56 96 37
29 25 19 86
57 89 30 4
66 84 14 27
85 96 59 17
88 37 4 46
36 42 92 28
27 96 51 18
5 37 8 1
52 73 15 6
41 73 92 73
6 16 36 4
71 91 33 62
5 69 80 62
61 13 8 51
62 85 95 52
12 88 3 18
49 77 39 25
100 41 34 88
35 89 48 98
4 23 72 39
20 17 70 53
95 8 98 81
93 11 2 42
59 76 22 81
64 37 63 30
95 76 53 22
46 94 31 18
4 68 8 4
7 97 8 37
54 91 82 29
87 74 82 87
2 86 39 32
80 53 34 80
89 82 73 42
8 21 63 1
56 42 63 93
40 82 62 4
42 94 19 17
42 57 62 91
52 13 89 89
46 94 7 62
19 36 79 95
84 83 54 23
93 5 1 63
30 90 91 80
31 82 61 67
29 71 30 82
67 93 28 88
23 6 10 67
99 67 80 8
92 78 16 27
4 99 94 51
79 99 12 20
79 48 25 18
54 22 20 61
72 40 18 64
52 29 24 88
40 58 4 20
78 70 57 86
59 8 14 62
67 77 97 16
63 22 99 71
52 4 13 69
97 26 25 42
53 54 96 52
100 72 3 35
16 91 89 84
68 37 59 77
61 54 3 40
44 16 63 56
99 23 69 82
52 71 62 69
46 95 75 67
64 12 98 5
43 77 80 22
62 30 94 90
44 3 10 6
51 92 41 22
51 34 77 34
16 71 39 54
97 88 69 3
34 94 39 30
5 21 12 52
97 97 19 71
81 56 1 64
95 45 81 54
13 14 37 64
54 43 45 47
87 18 34 90
61 49 93 94
36 58 80 39
86 77 67 51
96 38 58 6
2 26 50 19
26 55 63 79
65 94 62 36
11 69 81 45
90 57 60 13
61 67 99 36
52 22 23 30
84 34 80 14
80 80 63 31
82 83 14 57
44 22 88 71
98 98 14 26
39 94 8 20
25 5 56 99
12 6 66 19
45 75 41 16
3 11 35 42
65 100 42 65
79 37 2 11
58 35 90 8
90 16 40 67
43 65 70 17
80 59 42 95
42 48 50 81
23 75 52 62
15 58 79 4
68 5 39 100
53 12 1 82
22 56 80 56
77 53 83 69
99 30 55 92
83 37 61 32
7 92 78 99
17 46 36 76
63 26 4 63
90 6 87 86
58 58 86 94
41 96 81 8
96 66 91 8
32 85 86 84
98 91 78 28
21 14 32 88
36 23 99 32
47 20 73 52
33 26 91 71
27 77 32 71
62 24 60 44
42 79 49 6
4 73 67 81
75 12 51 62
74 72 83 90
18 81 24 88
4 6 65 67
58 86 54 6
58 8 65 63
14 67 55 16
8 2 90 67
95 66 17 91
95 44 53 53
82 65 36 72
66 84 100 81
63 3 6 38
47 25 98 78
79 91 92 90
5 21 19 14
51 66 3 100
94 76 51 58
100 47 41 88
3 21 29 85
85 7 4 44
47 70 59 61
10 53 48 4
64 94 80 34
86 84 54 47
8 74 97 95
37 77 47 71
65 1 63 3
1 4 63 67
13 35 2 80
53 1 64 97
14 70 7 16
54 25 47 41
13 29 45 52
10 79 96 86
66 9 49 21
81 85 63 46
44 48 2 60
84 41 2 59
59 74 14 45
83 88 65 90
36 66 65 89
54 77 47 27
8 39 68 8
61 8 45 73
9 27 52 70
98 77 49 49
12 23 96 44
70 64 5 68
4 17 53 34
24 45 92 50
28 18 39 81
50 2 17 78
8 65 81 33
14 71 34 29
55 68 58 38
89 53 4 13
10 17 59 12
11 80 84 17
77 60 62 75
52 100 8 38
50 44 1 60
8 32 77 33
30 57 62 51
39 11 94 46
4 25 46 90
92 6 5 80
17 45 83 54
22 95 25 5
58 63 74 15
76 29 64 52
49 28 7 21
1 15 82 18
15 74 74 50
99 96 45 74
43 24 77 40
42 22 50 68
99 5 7 100
12 27 43 51
32 23 26 41
34 57 53 77
89 39 4 89
19 23 15 54
38 41 68 66
26 64 53 37
43 14 72 63
21 51 47 9
64 31 15 29
87 68 99 69
62 37 32 41
8 35 81 36
40 95 60 56
43 81 37 47
40 10 54 38
50 74 42 78
88 52 80 17
38 56 73 52
52 48 44 30
44 57 28 83
48 10 7 32
72 72 100 92
29 18 13 3
50 26 100 80
15 87 19 73
63 76 69 46
74 61 2 36
94 13 39 2
43 43 99 41
