40 6 2
20 20
11 25 1 55 92 42
1 39 2 45 54 10
24 10 82 19 7 4
62 67 94 83 27 57
61 93 24 92 1 98
69 1 86 2 25 12
11 55 47 23 49 96
94 42 91 93 53 87
5 39 51 10 73 45
36 98 82 97 73 95
93 29 93 85 18 85
28 67 37 46 16 78
36 29 46 84 1 59
62 99 32 56 29 96
33 100 73 71 14 46
9 62 22 30 75 19
99 92 25 66 57 25
11 14 76 61 63 99
59 84 1 82 87 60
83 43 68 83 31 87
74 29 33 73 31 9
8 54 1 38 13 58
32 46 50 83 59 43
54 32 57 19 81 89
87 32 9 67 69 93
44 60 97 77 79 62
73 96 83 5 69 58
29 40 49 8 29 56
49 34 49 11 22 44
92 34 82 70 78 40
85 10 64 92 57 53
93 33 72 15 66 98
37 52 28 32 87 80
2 24 7 8 85 78
2 49 100 49 77 47
35 80 1 28 53 93
93 72 32 5 21 77
2 41 70 61 97 76
15 48 98 24 45 79
21 44 59 43 61 66
