200 8 4
50 50 50 50
46 4 16 39 73 29 37 35
78 28 45 64 10 48 11 85
82 62 26 66 92 53 71 57
18 36 50 11 17 85 76 57
45 86 81 2 22 85 96 49
10 77 51 1 20 24 9 41
73 65 82 58 47 56 16 16
7 24 19 64 61 25 80 8
41 58 7 56 77 51 18 8
46 64 49 47 45 82 25 38
54 19 27 60 95 97 92 24
92 100 76 88 1 78 36 77
51 77 38 11 46 6 93 35
20 19 38 33 93 35 99 43
75 16 63 33 83 49 81 78
80 99 30 32 28 15 44 25
54 14 76 32 53 83 92 80
8 88 6 68 23 95 55 33
49 80 88 75 50 1 89 46
19 15 69 80 64 98 77 43
6 46 59 58 98 44 49 71
42 78 11 9 19 4 91 92
83 66 79 51 7 33 28 29
36 62 47 38 53 10 84 67
76 67 60 43 53 66 60 79
55 32 88 63 88 79 87 43
23 96 10 47 38 28 38 46
89 60 12 45 68 24 11 17
6 35 13 22 71 68 20 19
51 23 80 7 75 93 43 93
30 5 89 47 28 98 28 35
48 41 44 5 40 86 49 59
1 33 64 8 32 49 68 66
92 78 97 41 13 70 35 17
79 20 19 44 15 47 40 95
100 88 27 55 23 31 8 100
37 62 47 4 2 58 73 3
24 24 98 58 97 14 3 53
85 70 89 64 68 44 45 35
81 90 45 44 75 16 10 95
3 55 84 49 27 90 34 88
13 59 96 43 75 55 61 35
48 4 87 22 89 39 53 65
33 29 100 51 64 90 20 90
57 19 13 81 47 3 11 56
17 52 92 100 71 28 33 39
31 54 39 7 40 84 62 95
78 91 56 14 7 74 84 86
17 3 37 35 36 62 79 31
79 61 32 95 32 70 9 62
60 5 68 77 96 99 17 77
33 94 12 97 25 78 11 28
70 83 1 56 65 9 3 79
44 84 89 33 100 49 38 25
44 5 91 99 25 46 8 58
32 58 93 71 29 37 64 19
11 82 91 43 95 54 50 74
1 29 71 57 6 7 30 98
30 87 21 97 84 39 83 62
88 77 69 29 24 75 86 58
6 11 63 16 90 99 11 93
54 8 49 68 91 45 97 50
71 30 17 34 54 77 90 2
67 40 5 22 50 90 47 7
72 30 90 7 57 76 56 41
12 66 20 78 54 14 10 31
30 28 39 16 85 93 42 7
1 57 24 14 35 69 17 76
99 46 43 80 13 18 17 90
10 22 86 81 25 46 87 69
4 100 40 25 79 46 14 88
13 23 8 77 80 25 63 41
78 23 86 71 71 57 88 54
49 43 60 52 54 2 1 97
71 15 78 69 93 17 54 12
76 2 11 97 69 61 72 83
67 25 5 56 59 36 56 86
67 41 1 70 41 44 15 6
66 49 57 64 60 48 24 16
91 35 10 8 2 52 100 47
78 80 62 44 57 56 53 90
30 94 69 67 76 42 45 22
79 58 86 41 49 93 71 40
92 76 69 58 53 65 43 39
86 74 62 92 65 47 37 77
50 95 9 3 14 94 43 7
82 83 72 71 36 5 17 80
81 48 40 92 55 92 36 35
70 63 64 52 88 59 96 27
31 23 56 61 66 76 6 85
75 81 29 25 11 36 73 76
79 34 75 64 6 14 76 19
71 16 100 31 57 81 77 90
33 39 67 75 28 21 17 95
62 77 20 48 5 72 82 17
10 81 77 73 8 89 66 54
81 81 29 91 64 86 38 3
67 10 83 73 20 15 97 66
50 37 19 71 39 90 89 74
3 34 65 24 18 62 95 62
54 75 11 62 30 98 28 37
13 52 3 57 61 22 96 20
74 81 99 32 4 37 24 60
24 2 75 12 40 7 28 46
42 97 11 82 93 88 92 67
66 7 99 98 63 41 4 100
47 3 45 41 66 38 29 12
35 34 70 38 28 86 34 24
61 74 20 73 26 94 100 68
97 38 42 56 56 69 81 16
29 27 95 49 87 26 91 96
69 34 95 39 21 38 33 97
70 24 11 22 71 61 1 33
52 49 63 38 30 14 22 30
35 85 99 62 83 1 13 46
38 95 38 54 3 90 65 36
91 45 10 7 11 10 99 22
68 34 34 61 7 11 40 51
53 22 12 65 100 7 3 16
66 57 31 7 85 99 93 94
41 34 3 35 54 36 61 31
18 50 76 58 39 75 77 64
93 23 4 80 14 43 94 65
40 90 66 19 14 10 22 50
94 26 56 12 53 24 44 85
76 12 87 98 29 77 39 81
66 63 99 43 61 90 81 66
93 9 40 45 9 43 49 71
72 60 67 33 42 93 50 62
10 14 7 36 74 45 55 19
81 91 42 11 91 72 92 39
11 2 25 33 17 12 33 99
50 68 45 98 2 65 4 37
4 78 90 86 42 83 67 2
66 31 80 91 41 34 75 5
61 93 64 12 97 55 98 70
99 96 9 58 53 59 58 52
99 28 21 19 61 31 33 85
23 6 84 95 41 47 19 75
47 26 90 2 29 2 50 47
44 37 12 83 67 9 21 10
57 82 42 88 47 30 69 7
98 99 79 19 38 45 91 53
92 75 69 50 49 60 26 90
53 3 97 47 6 10 12 1
62 76 10 74 45 30 3 70
83 23 16 50 52 77 6 72
42 78 70 91 6 25 69 41
48 14 65 55 92 84 40 40
32 13 81 63 4 10 68 35
39 33 51 93 54 87 19 49
98 94 61 36 47 22 26 40
40 13 84 76 92 78 7 43
63 33 16 42 70 31 5 56
46 45 68 26 63 26 36 71
70 92 30 78 23 66 68 64
96 6 11 18 37 77 38 18
99 10 13 22 10 9 1 26
75 96 9 82 80 76 63 1
58 58 25 34 28 50 38 93
19 29 41 15 60 52 33 91
24 74 64 91 57 17 49 56
91 21 43 53 34 15 67 10
60 28 28 4 51 58 27 94
65 39 88 49 58 29 49 45
81 60 38 80 79 9 37 74
75 52 51 19 66 91 69 38
98 51 46 54 66 2 69 40
78 30 80 87 88 81 1 96
11 75 88 68 81 70 50 57
74 53 42 1 27 30 62 75
78 71 34 30 34 84 63 48
50 71 89 51 78 47 95 85
28 2 81 5 18 92 15 79
75 67 90 47 7 70 50 69
67 37 38 96 46 86 23 42
14 75 83 12 67 77 77 100
7 16 58 57 49 72 51 85
4 98 97 30 86 16 17 57
1 38 64 90 70 78 51 42
46 87 96 4 73 100 14 19
2 33 16 80 4 42 65 1
52 13 83 79 13 20 17 28
15 60 75 13 46 61 32 81
12 3 34 68 76 19 2 84
91 84 12 23 81 12 53 51
21 71 95 39 9 89 90 100
99 76 7 39 86 27 59 42
22 7 100 19 44 27 87 94
45 7 98 48 67 51 41 15
3 73 54 45 93 15 6 34
75 50 18 54 13 46 81 19
21 40 43 39 61 55 27 26
17 76 78 76 85 84 43 3
75 45 8 29 34 33 29 60
9 73 52 13 17 80 72 15
1 88 37 92 100 38 65 82
66 41 90 67 63 19 46 60
25 39 29 49 32 2 9 40
36 23 41 28 41 20 35 46
