60 7 4
15 15 15 15
19 76 94 15 42 1 52
48 55 11 80 69 46 96
66 73 44 15 17 4 53
58 91 89 2 67 2 41
29 15 8 79 90 29 95
96 32 34 89 76 54 69
42 39 7 18 70 58 33
5 99 3 79 85 86 17
100 61 79 51 1 75 87
45 5 7 51 68 72 37
89 97 30 37 59 45 13
70 25 22 80 85 33 58
63 42 2 74 69 91 18
68 46 95 77 33 77 71
40 90 15 15 6 18 72
52 74 5 71 38 35 54
47 71 10 25 21 94 32
30 7 58 9 21 14 34
77 71 84 38 91 82 71
82 72 94 4 32 23 60
6 9 21 29 6 51 78
28 95 18 96 23 91 88
84 41 42 88 4 73 65
70 95 91 52 24 100 26
86 30 42 94 8 98 26
66 37 93 52 40 7 85
61 73 91 98 43 3 16
30 16 7 28 96 31 92
38 100 22 84 31 1 5
89 6 2 63 9 62 75
62 92 44 72 85 12 100
86 100 91 60 75 68 91
93 58 21 9 73 63 39
54 52 9 85 1 72 76
70 26 92 41 16 9 60
94 86 50 95 37 55 85
46 71 82 4 58 75 7
52 80 8 10 16 35 48
35 62 39 42 4 46 7
84 94 60 8 69 40 61
20 68 94 75 31 17 51
36 86 38 57 99 5 41
56 40 35 97 3 8 52
9 52 8 59 51 60 49
96 93 94 91 94 85 9
3 20 99 65 47 23 33
95 82 87 81 90 8 93
89 62 26 47 33 68 43
97 74 7 19 67 60 18
96 46 74 48 25 52 61
60 65 36 80 51 12 49
78 78 65 89 13 78 37
44 93 40 81 21 30 26
87 2 89 70 3 72 12
86 99 10 92 96 1 78
3 45 23 16 59 19 90
7 43 86 93 75 92 75
75 62 15 89 97 56 86
91 94 19 5 25 2 62
44 57 95 80 26 86 46
