200 10 4
50 50 50 50
2 28 91 64 99 82 22 54 74 5
88 39 21 16 33 82 66 92 84 69
37 27 55 87 73 37 87 20 71 2
88 17 60 94 60 12 43 19 26 53
58 25 97 6 25 57 27 85 10 89
5 100 23 10 38 83 85 85 7 88
10 61 95 73 67 45 77 85 27 42
44 92 85 83 78 34 34 79 32 82
23 33 63 43 64 97 77 62 60 53
68 19 34 39 31 67 92 69 95 83
95 17 58 59 65 85 63 12 33 6
20 40 10 77 98 13 61 46 46 26
43 62 56 42 48 8 95 67 9 3
21 23 91 47 78 4 45 78 26 12
12 50 71 24 7 47 77 40 45 39
44 31 98 82 73 100 46 91 95 55
65 43 73 90 32 5 50 71 72 19
41 3 42 100 76 85 66 63 59 37
65 29 20 24 82 100 9 72 98 71
69 32 63 71 53 25 98 95 86 57
92 55 65 87 67 34 81 79 48 85
91 97 87 15 14 22 58 26 42 22
57 10 35 44 83 11 53 26 46 29
20 97 68 38 49 59 36 63 47 6
56 73 16 8 21 28 23 7 25 13
55 77 100 4 67 36 11 11 78 82
56 42 87 74 25 59 70 100 41 88
34 77 81 85 15 99 81 60 98 47
77 5 83 24 80 60 91 32 10 42
4 28 94 18 31 55 19 8 90 87
96 96 16 3 78 91 76 9 59 5
57 45 81 10 85 37 20 98 12 36
5 34 50 31 3 53 33 45 33 63
40 31 31 72 17 13 70 17 78 78
30 32 34 7 90 3 42 29 15 75
64 59 98 28 84 86 25 36 69 78
96 98 28 37 20 36 72 91 71 14
10 70 84 77 41 46 68 43 73 23
76 40 81 77 3 54 50 60 34 58
87 23 24 22 74 95 22 7 15 46
39 44 7 14 74 66 65 96 56 26
87 54 82 10 98 4 15 39 19 38
9 41 18 17 98 38 66 93 58 98
90 100 49 5 20 75 3 61 87 64
44 60 50 94 70 67 78 99 92 35
68 11 25 3 2 30 50 28 49 51
8 22 88 6 98 68 3 46 21 27
20 100 88 57 84 2 43 92 55 93
72 75 80 79 66 32 43 44 88 68
27 86 35 38 8 84 27 47 27 65
56 32 82 96 33 62 86 1 9 12
15 40 13 51 76 82 69 3 96 63
38 61 1 100 30 11 46 95 73 88
24 65 71 62 87 5 79 100 76 76
36 78 93 100 53 20 63 59 91 4
65 52 15 96 27 91 85 3 6 21
47 92 45 37 40 73 64 91 55 51
67 97 42 66 93 36 100 34 12 29
99 98 38 92 17 41 99 91 93 85
33 90 33 52 59 26 51 56 99 99
32 44 60 73 100 4 46 49 43 94
64 94 86 3 40 65 44 47 59 31
71 81 82 13 12 21 58 51 40 33
1 51 52 87 70 28 80 24 75 27
94 31 53 73 15 2 16 65 45 87
28 25 4 25 99 49 17 7 7 47
38 80 2 72 87 10 66 96 3 39
1 23 52 9 61 59 85 75 36 33
85 17 66 84 21 58 34 97 7 89
1 34 56 73 68 32 18 41 47 48
30 43 65 59 85 56 95 99 18 58
23 14 41 62 60 54 93 36 81 11
65 57 58 11 86 53 44 22 48 5
35 47 71 38 77 57 50 18 89 100
82 25 13 43 21 28 24 79 52 71
35 41 31 85 35 77 31 26 24 49
28 45 98 16 21 90 90 88 28 40
31 61 30 94 31 55 10 34 41 89
45 98 83 99 44 15 65 71 59 83
43 59 16 74 96 41 17 99 1 51
90 70 18 31 64 64 1 16 35 78
15 8 100 59 12 49 26 81 27 45
81 45 95 82 62 47 52 98 29 3
74 81 81 89 30 87 30 70 71 89
68 21 61 100 27 21 50 25 77 51
30 54 56 32 73 5 11 58 47 99
66 8 89 68 38 65 35 42 33 67
75 12 38 98 9 22 44 15 23 68
4 89 30 78 19 61 45 72 37 66
43 73 13 36 18 21 25 34 15 78
78 37 9 12 79 53 38 20 17 99
48 93 70 53 73 63 38 62 39 100
3 41 29 60 88 2 23 38 100 4
18 98 37 23 38 35 99 2 39 36
40 46 38 83 72 9 57 92 89 29
63 31 35 41 90 38 33 16 79 12
100 85 38 13 42 86 27 12 75 18
93 49 30 60 44 1 41 74 20 78
62 88 52 2 40 7 7 76 20 12
27 60 53 44 16 44 99 89 96 35
71 41 84 34 47 16 14 30 66 85
61 83 88 91 31 42 28 89 75 6
87 96 45 77 24 84 64 55 30 4
100 74 86 17 29 55 47 22 82 44
49 89 74 62 99 37 13 94 77 92
49 23 100 26 49 9 70 50 25 9
42 45 36 7 21 57 41 71 51 9
77 92 75 60 15 33 99 18 11 62
9 53 19 11 36 9 16 64 31 59
44 49 15 26 72 84 73 21 9 79
44 46 61 19 20 45 94 66 74 93
88 84 3 37 1 96 92 33 35 34
47 51 72 7 21 44 4 4 57 34
8 75 99 76 93 3 70 25 86 8
16 74 18 27 20 60 63 15 27 17
81 52 91 74 95 29 64 86 37 31
49 18 33 39 22 85 13 25 77 15
76 25 83 57 85 10 68 41 68 20
15 85 12 66 37 88 84 41 48 66
87 28 56 54 59 51 26 88 56 55
32 75 19 68 73 59 98 52 78 70
45 3 32 70 96 48 44 89 77 20
67 75 17 13 11 70 20 28 30 43
85 70 67 55 31 69 30 96 36 42
14 14 88 47 68 41 61 16 72 71
75 7 22 73 86 44 92 48 24 86
79 93 57 97 82 62 7 62 73 71
11 37 5 33 76 97 64 54 64 94
22 3 75 39 63 90 37 33 68 65
81 25 96 25 9 72 91 51 58 22
49 100 70 85 1 32 17 63 66 27
97 84 95 32 19 98 56 61 96 75
66 50 67 48 49 66 68 39 5 45
78 38 15 53 4 70 56 37 22 48
16 47 9 71 84 17 72 1 72 87
7 11 69 72 1 92 56 90 89 60
28 75 30 4 37 30 96 84 35 88
1 90 59 89 51 56 86 77 27 2
6 12 85 10 32 50 62 94 99 64
17 58 85 48 66 41 24 49 89 26
46 67 80 46 80 72 58 100 39 80
30 23 18 37 98 81 30 90 15 78
81 5 74 82 69 40 64 38 78 74
78 23 98 45 55 87 65 38 42 12
90 39 32 11 99 49 72 6 25 47
75 68 90 77 69 98 23 11 94 21
76 55 27 77 80 55 55 23 82 49
19 45 77 48 67 22 62 79 21 98
63 6 87 24 5 98 38 4 38 50
6 49 72 2 14 35 74 90 44 56
98 16 57 27 47 32 58 23 60 87
3 88 91 1 38 8 12 84 1 73
77 40 49 32 28 76 99 89 80 31
40 53 7 49 55 16 94 31 38 25
26 68 3 35 4 44 88 67 55 10
55 15 28 54 5 72 66 15 15 97
79 88 60 45 96 37 34 75 20 2
7 41 40 88 33 58 14 89 30 49
8 2 81 72 80 66 61 37 48 74
89 29 11 81 93 55 26 46 68 76
25 51 8 66 23 37 69 96 43 20
74 39 74 50 82 29 23 100 93 51
80 1 81 40 87 34 98 48 47 48
31 29 20 84 30 81 48 15 1 93
44 57 54 23 6 44 48 61 74 93
83 12 39 26 58 66 14 98 18 2
28 71 72 37 67 92 34 91 88 40
17 9 47 96 64 73 56 46 35 91
29 88 61 42 32 88 82 47 60 4
36 13 20 78 13 70 38 52 8 73
75 80 7 51 26 69 15 65 47 70
87 87 36 53 67 47 70 74 29 75
29 33 38 16 43 66 74 71 10 57
42 64 99 13 96 35 95 30 19 8
70 1 65 75 100 22 40 19 74 95
33 61 75 14 15 39 91 94 25 85
71 72 32 64 21 5 95 72 26 67
98 15 10 36 12 81 5 62 40 49
3 77 55 39 28 51 78 77 74 35
53 8 64 15 6 68 13 24 86 72
98 35 18 86 88 44 39 93 69 65
78 75 11 87 75 83 54 67 11 87
73 51 71 71 50 59 77 22 29 67
27 83 62 20 48 21 41 56 37 58
15 68 88 49 22 70 8 55 38 82
39 23 26 98 34 39 90 62 23 5
90 25 78 51 36 24 40 61 14 82
16 93 75 90 16 28 36 29 51 78
88 9 22 75 41 49 94 41 69 24
85 37 7 58 62 2 29 77 44 45
86 47 62 27 16 6 30 99 60 11
49 34 73 77 79 55 29 47 71 22
24 65 97 6 19 9 44 49 80 71
37 1 14 56 28 66 90 34 69 19
57 36 86 80 72 82 36 87 65 82
52 24 13 31 38 28 60 34 35 36
32 23 83 60 11 86 44 86 9 54
97 82 29 35 9 4 61 59 92 39
72 93 19 84 5 24 10 28 51 59
24 85 22 59 16 89 40 94 55 47
