200 6 2
100 100
84 72 23 69 3 90
43 49 71 23 27 68
49 12 1 48 79 99
43 40 82 48 12 45
32 41 50 9 11 23
97 35 69 61 18 80
62 71 90 47 13 67
26 9 50 90 10 40
79 61 100 89 51 31
27 29 24 84 22 35
63 88 76 12 56 74
67 30 91 78 6 3
36 53 89 77 8 44
67 99 40 76 54 59
72 10 82 11 78 87
78 2 97 67 52 73
84 81 52 11 18 76
86 83 9 59 31 90
90 19 66 44 98 28
26 1 5 27 71 24
33 84 36 5 41 71
39 25 54 74 1 82
46 95 32 66 9 32
62 51 44 14 28 89
97 35 65 10 7 34
67 52 85 17 42 69
29 42 12 82 29 40
48 74 1 78 13 81
31 19 55 8 61 95
81 23 99 32 14 35
96 63 10 81 7 81
46 36 82 78 97 63
59 71 23 20 14 69
60 59 15 32 43 40
61 31 50 28 28 95
17 31 40 21 2 63
95 97 17 53 94 84
77 23 28 84 65 10
21 15 83 24 2 27
38 70 98 58 85 19
24 75 42 17 76 4
45 15 31 10 72 1
61 49 31 2 31 81
60 68 93 1 10 92
17 16 75 100 93 66
8 6 35 66 33 76
46 48 86 40 83 11
31 41 23 43 91 3
71 23 3 61 85 4
57 11 71 4 81 70
99 11 83 84 25 100
87 65 62 92 4 69
14 79 2 92 37 44
28 92 85 37 91 26
16 73 14 16 94 43
71 48 76 56 17 48
16 54 50 64 99 74
10 35 34 61 86 23
72 87 65 27 92 40
30 26 69 40 69 11
88 20 67 38 6 28
81 32 44 99 51 39
9 50 73 66 61 64
12 80 31 39 8 9
68 96 80 28 22 47
41 78 14 67 42 16
25 9 58 71 49 61
45 36 57 37 83 8
18 76 92 37 96 2
10 56 46 91 12 11
98 3 54 11 88 92
92 93 82 49 16 92
88 12 92 98 91 84
20 66 52 17 2 63
3 33 55 7 38 38
2 92 41 68 24 73
19 43 28 1 20 3
6 30 67 89 60 6
30 62 65 79 73 8
93 27 33 98 66 50
88 7 40 85 22 58
78 76 62 89 96 100
89 93 84 64 9 31
48 48 79 86 26 14
24 68 18 20 36 47
44 72 43 72 71 76
65 72 93 95 98 30
22 20 76 94 59 80
36 46 38 13 68 60
92 85 77 38 95 98
76 13 24 34 53 99
57 32 99 57 65 96
42 34 84 19 66 51
67 66 82 3 69 2
18 41 12 98 46 26
83 65 4 34 66 76
97 39 68 27 34 83
99 95 70 93 2 66
25 14 66 20 33 45
43 78 31 37 1 27
33 80 94 63 54 11
59 40 30 63 90 2
68 49 25 43 76 11
63 59 8 99 63 93
84 34 43 27 5 25
67 100 96 86 24 1
61 75 62 27 60 12
69 39 8 20 43 30
55 8 58 54 94 79
56 52 27 12 92 55
73 93 64 28 41 86
7 1 11 93 58 67
45 78 73 69 29 75
84 21 5 62 62 33
43 93 11 69 68 93
23 100 69 10 76 47
42 29 1 72 11 87
46 26 17 3 76 2
48 98 5 16 59 62
18 82 82 89 61 34
55 83 84 81 17 22
15 87 81 42 95 8
83 91 47 30 34 13
79 79 25 76 7 25
43 96 66 9 11 78
24 97 47 13 60 60
47 68 52 69 20 26
36 15 90 22 37 18
52 66 41 57 93 35
73 84 50 59 79 77
38 31 53 30 98 11
26 36 34 24 73 26
88 80 94 53 76 80
16 18 25 31 47 8
11 94 34 85 53 89
41 66 40 86 11 16
69 93 24 62 63 74
56 47 8 43 37 15
44 75 84 46 30 95
95 51 38 48 67 32
32 22 34 56 42 86
65 64 63 71 62 89
21 100 76 49 31 73
44 25 45 74 55 40
16 88 9 9 41 75
2 28 30 85 63 43
29 44 11 50 93 5
39 30 8 7 33 70
10 40 32 58 5 82
94 3 76 35 78 85
15 65 71 78 32 96
98 70 79 27 21 76
60 58 100 56 79 60
7 93 91 47 16 93
69 34 75 86 50 38
20 71 43 76 73 25
73 6 46 94 21 73
17 66 72 95 8 11
13 57 36 87 31 78
92 82 72 27 65 86
47 77 68 73 67 19
62 10 67 52 41 66
19 25 66 72 77 93
44 52 93 22 21 81
40 73 40 55 35 68
38 74 96 39 86 70
95 62 68 49 66 48
70 44 83 95 6 23
28 86 39 24 32 24
55 58 53 21 62 35
87 45 7 47 17 69
4 91 27 60 34 46
33 89 11 33 97 52
91 79 64 27 17 42
6 20 76 75 18 82
33 93 10 35 87 6
26 52 88 20 7 13
87 23 57 88 10 38
85 32 67 27 30 82
77 19 20 24 46 10
18 38 88 20 13 21
77 52 52 12 20 30
99 50 28 81 75 36
67 59 88 82 65 95
6 43 91 98 1 2
57 29 12 59 27 24
24 50 72 21 94 45
17 31 95 28 45 78
34 86 63 95 77 13
28 86 74 70 30 26
8 91 57 88 3 6
47 56 14 99 100 27
88 68 69 54 34 72
61 42 69 60 1 83
86 98 57 47 2 57
17 46 77 39 8 45
33 50 100 56 44 84
80 47 12 99 98 55
62 25 95 1 6 88
77 62 68 75 86 57
