200 4 2
100 100
19 81 56 79
49 9 58 11
73 2 37 43
20 34 54 97
8 23 48 53
33 77 2 45
71 59 42 48
17 27 43 12
6 88 22 52
93 87 81 80
9 14 47 25
24 34 50 85
61 3 61 10
33 51 48 15
65 88 37 95
69 95 59 14
49 89 74 21
86 2 79 41
44 88 81 6
36 29 21 54
36 55 18 70
16 14 83 23
38 21 12 67
16 77 73 1
57 40 37 78
40 97 49 96
29 81 44 8
20 51 15 24
56 58 76 97
33 97 65 43
77 66 90 33
86 15 90 92
37 1 7 28
51 72 73 90
53 76 15 4
34 54 31 56
83 46 33 85
34 79 7 75
51 36 93 9
23 96 97 13
82 4 3 82
36 27 63 39
45 100 100 68
68 11 86 34
19 92 99 66
22 47 46 85
25 84 7 20
38 62 36 79
82 39 45 74
2 30 50 68
85 74 13 50
25 41 97 62
27 9 79 36
30 76 28 53
84 67 78 90
95 48 100 14
60 72 53 1
34 14 80 89
54 86 88 72
8 61 89 92
82 78 91 11
22 34 33 67
92 26 33 47
21 45 57 86
38 87 75 94
8 90 47 90
94 82 7 53
51 58 36 75
45 100 97 10
23 14 8 22
72 97 24 62
37 88 100 76
17 49 33 9
36 97 46 56
10 97 59 59
53 90 16 42
64 79 77 53
70 90 39 57
10 46 97 12
19 64 14 61
96 98 6 42
25 66 51 20
78 92 19 72
63 14 99 98
97 19 6 99
90 1 42 12
89 27 86 61
83 59 80 34
4 61 24 73
71 18 22 26
99 36 62 92
63 30 55 56
58 55 77 93
1 52 76 13
41 68 36 76
87 10 94 39
61 97 98 36
72 78 30 31
58 94 88 61
100 62 92 83
98 10 33 52
42 53 89 76
29 80 44 61
74 100 15 37
71 58 71 5
70 26 15 21
23 54 82 10
24 55 15 80
99 65 33 66
23 66 82 42
52 90 28 16
23 69 40 95
27 83 90 19
13 56 63 56
57 75 97 33
66 100 11 85
1 69 41 28
4 95 100 36
78 3 27 28
37 49 99 99
53 12 14 16
48 80 7 46
70 53 60 84
28 88 60 93
51 66 37 93
96 88 50 49
97 86 14 77
51 28 79 96
61 31 30 8
33 40 63 40
77 26 4 3
9 78 68 16
74 45 58 51
90 67 43 44
1 74 47 75
63 41 73 55
41 29 13 68
80 54 79 49
99 89 25 65
48 5 32 55
78 23 59 37
10 88 58 93
91 10 32 26
96 76 49 58
74 97 98 50
17 85 12 92
77 45 66 50
98 98 18 1
74 44 4 59
86 21 35 29
10 100 23 11
81 17 54 14
64 41 79 29
80 37 40 67
16 76 22 44
20 35 80 64
27 9 76 52
62 55 93 37
92 1 40 3
64 5 29 97
6 22 40 70
27 67 83 44
52 38 73 62
4 16 88 24
31 29 19 60
20 31 68 53
50 25 11 97
42 24 63 11
66 20 99 22
77 38 60 86
49 87 40 99
17 65 91 8
6 4 99 38
36 97 83 3
76 82 48 77
20 17 64 80
99 31 92 31
80 81 70 97
12 23 70 97
73 51 4 89
23 27 93 86
52 91 37 61
74 30 33 98
95 20 54 61
82 75 67 85
98 90 92 88
33 61 39 51
30 43 15 16
57 7 3 97
82 46 22 28
16 67 45 99
65 26 96 83
78 42 12 81
28 45 17 77
57 32 88 29
9 81 22 66
55 30 92 44
40 21 68 41
22 37 1 37
63 74 40 11
