300 8 4
75 75 75 75
85 56 29 59 57 78 19 81
29 28 35 98 84 54 71 29
42 82 37 79 28 21 34 71
64 83 89 79 99 85 68 45
88 15 13 67 12 58 31 57
61 95 59 83 62 52 74 19
18 44 62 55 19 75 59 35
52 92 76 23 77 40 94 15
50 8 49 69 91 74 62 29
45 72 68 86 66 63 81 47
67 41 92 26 96 96 31 22
95 61 43 11 56 87 27 1
34 41 38 3 7 72 39 83
78 97 70 62 65 25 66 65
35 99 71 32 23 50 32 19
13 20 25 51 62 16 55 22
97 44 1 61 68 59 6 15
84 89 35 60 36 71 66 55
25 56 81 43 43 40 32 12
15 99 90 3 23 16 53 1
24 95 16 96 53 15 74 64
45 37 46 94 55 90 35 29
38 98 91 80 74 29 49 33
49 27 2 55 64 51 48 66
72 83 90 56 18 24 86 73
65 15 69 26 6 23 20 40
34 34 42 59 21 89 26 36
67 53 6 23 37 65 8 81
54 85 49 44 30 37 13 78
45 13 54 85 18 76 61 27
28 87 47 62 24 70 40 91
25 2 36 81 66 13 51 1
39 74 49 96 21 56 75 19
100 7 55 3 29 60 17 83
1 13 20 32 26 1 39 14
4 45 54 12 21 5 87 54
79 51 28 93 66 39 82 72
90 41 79 80 69 60 15 45
39 45 34 97 62 6 91 8
56 4 5 81 21 95 83 42
63 99 61 92 91 40 7 14
75 42 59 74 74 21 31 12
2 65 94 9 82 59 72 45
72 71 8 41 56 77 47 74
93 67 60 85 5 67 81 6
4 59 50 15 25 70 85 90
10 89 46 18 92 46 71 56
85 65 63 59 35 17 44 16
86 75 88 81 52 65 9 9
21 21 55 43 6 48 72 55
60 98 4 69 19 73 21 61
84 100 84 65 63 3 34 78
3 45 98 14 93 25 18 13
98 30 69 73 91 87 7 48
66 71 3 20 11 78 60 14
65 92 67 30 40 27 34 12
2 59 2 76 14 22 25 4
98 70 55 83 59 89 7 93
22 61 80 87 48 85 9 78
100 80 66 70 82 85 10 48
14 39 63 77 52 71 33 46
51 47 38 32 30 50 88 35
95 85 78 17 89 72 82 22
34 75 10 70 75 7 85 41
43 51 10 23 55 13 49 96
72 49 33 94 22 98 94 13
38 45 73 80 39 70 15 48
6 38 34 34 46 10 84 59
99 43 80 30 60 23 29 37
85 35 88 26 46 59 43 48
29 71 30 92 44 83 27 35
94 81 43 67 64 75 90 82
47 96 85 50 98 48 49 39
91 47 59 54 11 45 6 63
38 89 78 61 5 39 99 17
90 89 95 73 63 52 38 34
84 4 2 37 26 63 98 46
45 52 8 89 63 74 11 22
16 16 23 53 24 57 83 77
89 69 9 81 93 86 27 39
45 86 91 23 85 56 98 88
67 94 24 69 49 10 63 1
11 80 66 95 72 46 33 74
20 30 7 99 92 74 56 98
24 13 36 28 73 38 49 16
76 95 71 16 100 25 96 79
6 59 64 85 81 29 61 90
83 82 66 90 88 40 92 96
33 67 13 96 61 79 99 61
49 57 65 33 45 95 54 54
85 57 9 49 63 86 25 5
27 54 10 72 22 37 52 29
78 19 78 49 13 65 38 24
3 4 65 11 49 10 85 85
22 91 26 2 52 29 28 92
39 56 17 47 97 80 24 63
56 39 87 70 50 83 17 85
6 45 100 75 71 20 73 64
99 16 11 48 73 100 54 46
75 44 55 51 51 95 98 11
91 25 34 14 25 32 94 38
8 61 16 43 55 98 82 1
43 62 76 1 35 89 28 28
96 25 41 33 61 98 35 37
79 60 23 39 31 56 3 55
2 15 50 17 40 31 40 48
90 11 36 26 49 82 92 39
47 80 28 52 61 2 52 89
71 94 52 63 33 3 49 68
6 95 25 97 96 37 33 36
79 82 5 15 71 36 17 21
47 17 16 8 98 39 37 51
71 49 36 48 20 12 26 82
74 72 72 21 86 2 34 47
63 58 33 79 68 75 34 80
17 42 83 93 100 18 86 23
67 52 47 9 87 20 64 15
28 88 84 29 56 51 55 1
52 23 54 68 16 7 89 30
20 64 50 66 79 1 69 27
81 89 78 44 43 98 98 52
14 72 83 49 40 34 19 79
74 38 68 20 14 79 27 75
34 14 65 56 56 7 15 37
47 90 36 95 38 8 61 33
94 74 17 17 6 47 66 61
71 26 43 25 27 42 100 99
50 2 11 88 7 40 28 32
15 30 58 30 20 92 5 71
43 29 89 11 8 66 73 96
7 100 49 29 55 54 98 95
93 85 43 35 40 42 24 76
76 68 56 49 17 75 46 76
94 44 98 18 83 18 11 91
13 99 3 47 30 94 3 11
65 73 50 94 94 73 95 27
15 95 78 18 39 8 33 26
90 12 16 21 52 70 14 31
50 64 56 12 26 20 80 26
20 52 36 89 61 10 96 58
93 19 2 30 14 18 41 49
68 49 84 16 67 44 89 23
99 26 96 44 9 30 72 43
57 33 34 97 39 81 63 22
40 76 54 82 36 1 94 34
71 55 35 48 64 59 32 58
76 26 71 46 1 65 43 22
46 27 40 99 3 13 43 25
93 52 47 89 54 25 9 68
78 3 42 79 58 97 85 8
73 63 50 26 76 30 29 17
66 48 72 57 7 13 67 33
39 46 50 11 71 68 62 97
66 53 92 72 48 91 12 39
21 58 98 39 76 42 21 61
86 35 57 16 7 71 30 100
100 50 77 16 78 77 87 10
92 86 79 10 58 43 96 60
81 49 84 60 54 99 75 54
53 4 42 31 8 87 10 27
32 55 4 61 9 51 93 53
100 71 34 33 95 66 68 82
59 12 4 79 44 79 40 95
19 21 26 17 44 26 5 37
50 82 13 99 19 53 8 63
59 48 66 1 42 47 57 16
47 2 38 21 51 62 18 26
82 5 23 30 73 95 93 83
88 39 55 12 96 41 54 30
17 45 40 88 64 37 66 89
84 24 33 90 74 75 45 7
62 51 46 61 100 46 27 76
66 100 44 71 82 32 35 83
88 11 70 88 46 72 72 86
52 27 100 43 43 69 99 12
95 80 18 69 32 6 42 40
2 16 73 16 39 81 58 100
61 84 47 62 57 7 55 16
86 20 47 83 91 10 30 58
53 15 6 33 47 27 97 94
35 43 53 66 19 97 82 46
29 72 80 99 35 87 43 6
16 18 33 78 46 4 21 48
93 82 85 24 95 67 36 52
77 97 85 53 81 70 84 32
53 74 78 4 99 35 94 18
29 11 45 10 50 42 66 48
25 33 17 8 25 94 79 60
91 41 45 76 11 37 52 3
43 8 37 13 88 69 93 92
67 58 4 42 1 78 80 82
12 97 67 78 29 10 35 42
96 84 5 85 84 63 9 45
69 82 71 33 18 40 81 10
31 5 95 16 21 15 28 61
88 54 34 98 20 9 36 88
89 18 74 95 42 52 55 28
90 76 58 8 74 2 1 93
29 28 15 73 48 40 86 26
4 39 16 84 33 51 9 53
3 73 62 8 1 79 36 59
19 58 9 2 19 99 80 14
38 4 61 96 57 59 22 25
2 61 88 5 42 69 54 91
83 96 74 80 81 53 42 75
2 19 71 19 30 85 25 43
94 4 26 83 2 78 100 10
10 61 22 9 19 96 66 4
85 60 26 2 60 99 22 51
26 38 44 39 63 58 51 15
7 11 32 41 83 95 17 61
62 77 14 76 1 15 68 29
7 95 86 3 57 68 33 34
58 68 35 86 38 34 32 18
3 65 86 9 38 22 56 34
44 54 46 92 92 43 79 39
42 43 40 90 38 72 6 7
100 49 27 12 50 29 76 14
83 31 52 100 65 35 71 36
69 62 76 55 88 29 98 70
52 41 85 1 42 44 43 76
71 46 77 13 7 83 26 82
21 93 62 72 62 45 92 23
67 51 41 97 25 85 17 84
73 25 44 88 41 20 36 76
20 10 38 72 90 94 87 82
74 73 42 25 96 91 57 21
12 22 99 39 52 40 66 38
41 64 9 30 20 50 10 13
57 68 11 16 45 90 76 49
21 76 65 21 94 69 74 79
65 29 84 65 35 15 69 98
48 15 5 57 82 35 98 20
12 35 12 12 86 12 97 10
31 57 34 29 67 72 95 38
47 7 95 25 77 28 36 65
13 5 86 19 76 82 27 48
19 49 73 78 42 37 43 27
54 15 80 94 44 68 30 33
33 16 5 65 69 24 75 28
92 35 47 59 58 89 45 72
24 37 66 20 11 16 24 64
30 13 97 37 50 91 77 15
73 20 94 71 63 25 31 48
97 16 66 26 67 61 63 31
22 2 46 1 49 37 12 79
34 22 92 69 90 69 76 100
43 88 12 53 73 11 52 60
57 21 74 7 31 33 25 85
10 33 30 28 84 22 23 40
41 88 66 42 74 65 97 41
11 15 65 41 100 20 71 2
89 68 44 84 1 42 100 7
74 46 89 64 51 34 15 70
13 28 16 15 56 56 41 31
33 77 22 18 78 81 26 73
4 26 5 20 2 1 6 87
99 44 74 70 52 28 14 14
17 46 67 53 5 23 78 19
80 3 52 66 50 61 93 9
34 48 90 62 17 15 53 74
1 6 64 69 47 6 63 27
60 81 24 46 93 77 99 67
77 73 87 43 70 50 55 91
82 23 96 77 92 13 10 34
84 99 37 33 64 19 4 96
62 72 50 53 20 3 1 17
79 51 100 89 23 59 85 75
3 65 79 11 64 7 3 35
27 16 67 99 33 72 72 83
39 54 74 75 53 38 95 92
66 27 24 50 77 50 62 41
3 10 70 69 19 78 35 62
90 39 51 8 53 71 24 86
19 76 14 50 92 60 34 21
64 93 80 27 56 90 10 81
69 54 17 23 74 85 25 50
51 24 52 69 74 89 91 38
85 45 37 70 68 16 74 85
89 51 41 58 41 28 60 98
20 9 49 50 78 100 86 43
60 18 75 47 11 52 52 21
39 95 35 30 59 67 56 91
22 26 19 16 91 98 37 38
87 80 70 82 47 64 13 87
28 94 63 80 83 60 33 9
87 81 27 99 31 58 10 73
4 27 69 37 96 51 79 45
10 75 75 94 16 76 5 35
29 12 19 15 69 25 39 35
64 96 94 12 11 17 90 12
56 14 30 69 51 1 68 39
71 36 91 13 22 100 10 83
42 9 59 73 2 37 99 83
62 20 27 91 73 80 31 87
25 5 83 55 52 11 99 23
45 95 44 47 11 2 95 35
2 13 75 40 74 54 45 7
5 82 9 96 63 31 29 47
57 96 37 28 23 90 66 11
