40 6 4
10 10 10 10
91 94 14 59 51 21
12 17 78 38 92 77
87 95 42 19 39 58
80 60 16 96 49 92
94 57 75 69 3 83
62 27 41 10 84 42
50 30 24 25 3 11
54 20 58 33 1 13
5 77 41 65 28 2
58 37 8 25 89 66
41 31 90 16 42 99
23 44 55 76 28 77
92 98 66 97 6 72
36 47 43 55 40 38
20 61 76 49 86 43
15 31 57 34 21 14
38 23 5 21 44 96
18 44 33 68 40 2
76 4 45 60 85 6
48 93 84 42 19 15
24 74 30 100 11 33
37 87 63 96 25 75
30 5 65 49 45 94
78 30 1 51 5 95
85 16 71 34 60 57
100 83 86 41 76 24
70 94 68 92 15 85
43 98 91 88 64 28
63 15 25 67 45 9
17 29 12 67 13 2
80 63 90 29 4 2
20 78 58 62 58 7
66 48 51 23 30 7
7 25 48 34 44 9
63 19 90 9 72 85
55 48 39 88 2 62
4 53 44 90 36 43
58 94 91 94 71 21
59 42 83 98 28 24
15 3 95 55 46 29
