100 5 2
50 50
8 41 1 15 41
64 73 56 58 69
3 77 35 15 65
39 12 45 36 26
69 56 9 55 88
100 95 20 28 43
27 47 96 28 46
75 90 36 98 99
99 71 81 24 10
44 90 53 23 80
52 98 89 95 50
35 13 97 5 59
25 55 46 43 98
96 56 61 27 100
50 67 93 86 99
6 44 93 31 43
88 65 16 26 48
24 75 72 68 64
35 27 46 26 65
44 77 40 72 41
43 63 78 54 29
95 32 98 67 58
87 2 10 30 64
15 11 2 75 6
37 63 95 43 85
77 4 71 71 75
91 37 64 61 84
9 88 54 12 36
72 20 38 88 57
52 67 67 46 90
74 41 96 91 79
8 75 9 91 1
81 54 22 74 91
54 78 16 40 75
89 16 72 95 4
56 68 99 95 46
83 58 96 38 20
75 40 20 53 75
39 12 90 19 70
49 75 59 72 91
76 29 17 23 76
20 44 23 83 79
12 60 95 27 64
28 23 89 89 18
51 72 53 51 8
69 40 37 13 93
82 12 49 77 75
92 92 57 66 43
98 32 99 76 6
32 24 49 18 92
28 48 8 61 56
33 40 63 73 5
69 50 71 70 52
19 96 79 52 26
70 20 48 39 96
54 30 4 92 13
4 93 91 56 13
8 45 59 74 34
1 70 17 6 1
46 18 71 37 74
69 57 20 38 8
51 71 8 23 89
26 94 79 46 28
6 71 55 69 61
8 42 28 65 20
37 26 10 44 77
65 25 7 78 27
20 29 54 18 92
74 83 25 42 74
62 3 21 86 16
33 75 83 46 40
43 15 73 96 51
37 25 72 96 94
16 72 14 89 51
71 11 4 93 51
23 19 49 18 51
85 89 29 34 60
96 33 96 46 72
96 29 95 12 10
46 39 31 44 94
77 72 55 59 11
30 78 82 26 82
67 64 51 9 85
90 7 60 77 9
2 21 6 46 100
13 56 33 91 71
9 100 97 8 52
77 20 12 63 33
3 90 9 65 93
10 51 57 20 69
90 27 89 59 85
56 43 89 3 45
14 54 99 90 97
73 96 41 70 14
43 73 90 74 71
38 30 19 98 86
65 87 51 58 31
32 81 85 78 15
70 53 91 75 31
28 28 84 92 73
