60 8 4
15 15 15 15
62 41 39 39 80 5 19 75
42 6 99 4 58 25 80 77
80 48 11 28 4 11 73 36
38 97 38 73 42 69 90 84
98 14 41 91 79 30 16 76
56 25 95 30 83 44 12 69
30 75 69 55 68 45 93 23
10 63 77 23 93 31 68 53
64 86 59 94 50 27 80 27
10 98 62 37 98 35 44 99
84 74 6 72 75 74 84 9
93 15 78 59 71 68 10 87
20 65 83 26 80 46 95 62
16 87 37 95 36 47 27 47
2 51 88 37 3 45 56 46
68 19 98 95 98 56 75 27
37 24 29 23 39 72 75 31
34 92 96 45 54 30 78 29
79 42 7 35 8 40 53 39
85 66 86 64 19 97 44 65
43 78 45 72 69 70 70 27
19 81 66 58 40 42 98 86
95 91 2 90 30 31 70 80
24 16 7 91 22 35 47 39
92 80 46 42 14 68 9 36
98 46 63 10 40 77 13 87
100 64 3 1 25 74 5 19
84 61 95 81 72 6 20 58
56 42 68 25 61 52 50 15
68 78 59 88 8 26 39 64
17 82 99 100 28 17 27 46
91 16 27 37 82 99 83 41
44 83 55 18 10 91 76 92
21 71 64 23 85 53 73 68
76 78 35 43 32 39 79 9
40 38 28 4 99 56 42 94
42 99 58 13 76 92 95 96
92 50 44 39 3 7 14 54
64 86 31 18 100 15 100 55
51 60 91 33 18 89 22 98
87 63 74 26 4 67 85 6
36 27 60 39 9 47 100 90
11 48 25 82 98 98 67 90
61 63 33 77 28 22 15 38
52 43 2 45 19 41 46 28
25 75 28 5 21 6 75 86
92 48 46 19 51 39 76 70
33 66 66 6 69 62 66 40
72 55 22 1 94 72 90 96
70 35 8 31 100 64 82 55
61 72 4 32 32 18 33 15
93 37 4 50 28 94 73 49
81 27 6 69 52 5 50 2
78 39 21 73 62 62 81 93
2 93 13 50 66 9 81 49
93 38 83 66 51 94 14 18
86 3 48 90 80 42 15 44
19 71 84 38 94 28 86 92
13 81 37 64 65 71 47 63
96 91 16 31 83 82 6 32
