300 10 4
75 75 75 75
84 78 82 1 36 40 83 87 89 60
30 17 69 58 71 2 34 28 41 36
73 58 24 16 59 71 29 31 7 61
49 23 100 31 63 88 35 55 36 15
12 23 48 85 31 54 40 43 3 95
68 52 48 79 76 38 99 37 98 54
96 4 13 69 2 34 74 58 84 47
98 1 86 25 43 1 11 7 32 86
57 95 66 44 13 69 83 88 78 32
33 90 12 31 14 22 24 16 6 15
11 26 42 74 16 25 14 9 26 38
82 27 59 72 52 51 78 45 23 94
84 6 64 62 52 26 47 49 54 54
19 96 11 21 87 15 98 73 98 79
31 40 83 23 76 38 51 97 78 34
91 70 100 99 7 91 51 9 38 46
44 76 32 25 61 15 42 86 34 66
69 16 26 56 35 81 2 89 8 47
92 9 57 66 30 9 79 19 12 27
10 35 37 81 49 83 54 87 88 84
68 26 69 83 3 94 33 68 95 42
20 1 89 53 60 22 51 85 36 50
58 78 76 83 30 89 100 11 57 96
73 19 52 6 60 69 10 53 63 41
58 89 96 98 5 49 13 67 84 42
38 23 10 55 58 55 50 15 17 37
97 79 34 17 32 22 100 61 45 85
42 12 23 91 40 64 39 95 42 33
4 6 42 1 95 16 30 78 67 68
28 22 75 79 52 51 62 1 45 52
70 79 69 26 77 86 57 65 75 41
50 93 57 80 12 93 72 78 84 45
21 72 78 37 94 96 23 87 45 69
80 77 52 64 3 78 5 22 93 2
29 57 100 31 15 37 63 96 85 42
25 34 83 17 74 62 29 64 58 71
91 50 67 64 34 45 75 40 60 24
88 18 24 17 32 27 51 35 27 66
45 33 91 55 36 32 61 15 1 52
6 25 11 99 26 20 22 63 13 27
54 75 62 40 87 16 94 79 40 63
36 11 33 77 92 22 80 83 13 98
96 92 5 81 28 54 34 33 2 72
1 78 84 28 24 39 73 11 7 40
87 5 44 7 27 87 79 49 66 95
57 72 99 29 58 29 13 18 56 4
84 55 59 64 72 45 5 18 7 82
52 83 73 34 65 46 59 92 40 75
55 6 15 59 48 1 27 100 53 64
95 9 66 48 44 26 36 56 15 24
65 21 81 97 35 29 36 4 92 80
14 8 97 34 85 68 28 36 61 67
36 62 70 71 27 5 90 34 84 42
33 89 67 50 53 94 66 17 10 33
25 65 37 99 39 78 24 42 74 80
46 70 65 38 20 74 44 76 53 68
35 53 5 88 98 54 98 59 41 40
66 80 22 88 11 37 56 45 80 36
11 53 77 76 98 49 30 93 31 21
99 31 64 37 89 29 62 53 3 10
66 49 57 34 64 31 92 73 14 92
34 15 12 18 60 53 10 92 81 45
6 35 8 84 67 6 7 65 49 83
22 88 55 18 66 90 31 68 13 65
42 5 69 79 84 90 33 72 81 32
32 77 86 11 1 1 62 19 28 33
34 18 14 78 33 91 2 46 5 35
25 50 48 95 69 16 78 59 17 39
10 55 21 70 1 23 1 58 5 94
83 14 3 1 6 45 59 43 12 24
97 19 65 46 49 22 43 74 24 42
92 45 53 52 92 70 32 33 8 40
35 45 91 23 95 16 80 1 77 80
24 7 4 87 51 65 24 43 63 63
91 58 92 47 89 19 44 42 86 21
10 77 44 43 23 20 82 71 82 98
95 49 7 15 86 26 97 68 100 88
44 78 75 34 34 68 2 92 16 56
78 49 9 3 72 98 85 50 60 16
60 39 81 84 67 94 71 16 58 33
60 55 33 51 5 29 66 30 3 96
82 92 55 37 81 39 26 78 24 1
74 81 28 24 94 73 56 38 84 22
97 53 72 35 36 26 81 83 37 100
60 29 85 67 34 77 50 5 24 36
64 97 69 40 50 12 31 52 17 30
100 19 81 56 48 62 61 59 34 1
5 76 68 67 82 98 68 64 2 51
67 78 64 6 59 99 53 12 4 16
44 14 23 35 95 57 24 84 88 40
9 46 52 84 33 89 29 78 39 50
8 22 32 45 3 80 24 13 65 1
42 70 78 85 93 20 86 24 72 63
71 50 79 72 38 12 88 39 78 87
74 32 85 36 89 27 84 20 38 23
74 63 16 89 16 13 10 44 34 78
26 100 50 29 78 73 78 56 29 98
8 17 87 58 73 97 53 96 76 56
10 19 17 56 90 14 54 81 93 16
42 18 44 80 7 78 61 61 36 7
81 95 73 37 46 61 43 32 46 68
64 69 62 33 92 100 96 68 53 58
55 31 55 60 88 48 30 89 90 65
50 46 85 35 86 65 61 14 25 43
94 93 39 21 24 50 92 96 36 100
25 92 9 37 3 16 29 7 13 88
45 60 85 76 11 51 15 81 4 15
66 100 48 58 3 22 58 50 70 64
10 50 51 28 97 34 71 88 84 41
75 14 57 19 5 78 98 88 14 57
51 96 9 44 30 30 3 16 6 66
26 12 59 42 22 52 44 93 87 91
70 64 8 20 70 89 72 82 14 4
74 11 46 53 1 25 99 16 94 93
60 83 16 22 52 3 1 61 36 2
47 1 87 95 46 93 26 90 70 79
48 3 4 91 93 7 19 59 45 44
15 28 65 41 91 71 79 1 14 53
25 34 50 21 23 54 64 11 76 47
57 40 23 88 26 79 74 84 31 16
14 81 6 44 35 85 56 67 77 18
64 54 58 46 76 88 90 86 98 12
13 37 34 78 32 41 11 24 89 26
72 27 47 65 34 98 8 21 61 18
86 39 74 52 30 97 68 85 79 11
89 1 33 69 53 19 4 29 24 100
24 21 52 17 55 65 59 93 11 8
12 22 20 68 50 73 65 93 60 96
40 97 58 65 24 82 30 9 89 30
7 83 41 61 85 67 7 72 12 17
67 73 3 82 71 74 70 72 17 61
13 71 94 56 100 34 69 74 5 44
76 93 78 60 94 29 49 99 56 3
5 7 8 50 84 46 34 55 99 51
1 39 86 29 61 73 5 48 89 56
10 19 28 15 62 60 73 2 59 84
79 45 68 35 29 43 45 75 55 32
31 5 49 1 31 76 19 50 4 62
97 22 69 6 45 46 38 11 69 87
78 75 51 8 3 18 61 15 26 32
11 66 53 89 85 2 5 54 86 80
42 67 88 59 25 62 56 17 22 21
65 76 49 70 35 18 72 61 63 5
58 99 9 99 34 16 29 43 21 13
26 46 73 46 46 66 86 54 27 99
65 83 54 31 43 93 5 24 100 15
53 62 23 15 13 24 42 68 30 74
10 4 84 47 81 42 80 11 2 12
7 80 85 7 79 95 49 8 88 34
16 67 47 16 38 46 93 75 79 47
18 11 15 9 38 43 26 63 85 4
63 9 82 69 15 78 100 16 72 47
36 79 5 52 40 60 71 71 2 45
55 41 82 79 13 79 87 30 17 6
28 3 24 61 71 28 82 37 85 15
68 76 21 95 98 92 98 69 76 3
77 28 66 18 74 86 52 13 54 39
6 6 55 34 53 59 36 27 11 83
29 63 97 75 51 39 73 54 83 38
54 24 64 87 22 45 40 18 25 50
20 59 9 13 30 51 7 20 20 19
52 11 92 88 6 49 18 18 98 43
100 45 43 54 70 47 75 32 72 58
59 96 81 84 55 88 94 6 30 67
13 51 30 64 67 14 32 63 66 58
79 13 70 43 24 44 38 7 92 100
88 30 34 65 28 91 54 35 49 53
77 29 38 92 24 15 74 12 35 100
88 85 55 1 30 70 64 86 50 92
42 76 35 75 27 56 58 33 97 45
68 74 66 73 64 84 71 74 71 88
51 49 42 37 96 96 51 91 74 58
49 11 11 12 21 41 80 47 2 67
71 73 34 35 50 53 47 28 91 20
100 87 76 10 98 100 47 21 89 61
99 88 92 53 40 28 64 4 93 19
87 99 12 39 97 53 15 94 91 82
40 57 53 29 66 29 8 70 76 49
59 16 25 44 28 6 96 79 75 16
39 1 13 61 72 53 58 10 8 90
38 97 90 92 62 65 75 62 97 39
68 38 28 86 19 54 95 97 55 54
62 74 13 44 63 7 18 63 83 68
83 33 79 69 27 46 16 62 5 54
89 4 25 96 44 32 93 42 48 59
21 90 56 16 95 17 34 37 48 34
36 29 79 70 95 17 82 85 1 8
87 52 44 4 6 68 78 14 86 93
10 25 65 17 67 39 45 26 96 46
44 42 40 8 15 77 21 91 82 73
72 48 89 37 37 84 83 46 1 77
79 50 47 44 88 30 64 49 21 69
71 98 38 6 62 35 17 64 29 100
28 56 37 38 46 86 41 77 23 11
76 67 29 23 69 24 16 79 76 25
23 99 44 23 13 34 22 82 66 3
49 67 95 67 80 33 13 56 57 17
2 93 91 71 35 34 58 99 9 87
24 22 58 25 92 42 17 100 31 14
73 81 100 10 65 59 97 89 50 90
54 73 31 58 95 78 23 81 13 20
5 99 74 85 38 36 41 15 18 41
48 67 81 79 60 45 72 59 67 3
23 56 38 14 23 22 79 70 54 27
36 76 83 46 15 97 92 43 52 14
67 85 69 50 82 74 49 17 88 51
42 63 37 5 48 91 69 88 70 37
68 21 20 32 53 43 64 50 14 57
23 23 1 2 34 68 75 69 46 53
17 83 62 38 92 53 76 50 55 9
54 15 39 33 88 98 73 3 95 41
31 80 24 61 58 75 63 77 35 44
25 45 28 96 97 82 61 95 10 70
86 75 28 51 67 22 33 22 86 84
94 88 90 31 56 28 29 4 18 62
12 36 21 51 6 84 16 65 99 37
7 17 54 27 64 90 85 29 100 7
87 58 34 82 84 92 27 82 24 29
86 35 59 41 14 29 28 69 77 38
73 53 81 40 14 93 16 92 2 88
87 52 12 4 84 50 91 77 66 36
74 81 90 62 77 43 47 88 67 16
40 9 12 74 32 73 99 49 37 70
57 71 66 23 53 27 36 59 42 35
51 82 45 57 27 18 95 67 64 70
20 56 16 54 96 95 81 77 49 13
29 53 14 51 40 38 99 1 57 28
14 67 68 40 91 19 22 61 62 59
68 52 59 48 26 48 57 10 47 98
71 49 14 77 68 94 13 92 99 39
71 79 51 75 90 28 21 21 19 33
77 83 17 81 8 58 97 27 9 73
38 54 27 11 36 100 83 76 98 96
54 86 63 5 2 32 89 67 97 58
90 88 37 59 31 24 48 66 76 66
5 77 71 46 34 5 77 36 57 19
34 43 31 40 5 66 93 84 65 99
53 40 68 46 10 8 35 49 41 97
76 91 17 71 18 96 6 71 12 25
2 63 46 3 2 93 11 10 20 64
3 37 46 95 9 65 34 32 19 31
87 78 35 7 43 89 73 2 7 5
75 21 65 51 13 39 11 100 20 18
65 47 56 39 20 92 77 44 45 21
29 81 95 16 14 61 35 12 50 32
39 86 63 2 57 49 74 47 61 76
95 72 40 16 53 8 9 90 56 53
22 78 79 100 93 12 12 23 58 52
100 29 47 48 53 15 18 85 52 29
33 11 54 56 55 64 29 13 56 16
81 81 63 71 88 60 48 84 5 94
66 61 57 49 56 61 55 35 5 14
5 79 22 16 24 71 12 11 84 38
55 63 1 12 85 16 46 9 25 27
14 37 11 65 7 24 26 48 80 58
1 10 2 5 5 93 19 82 21 55
64 57 30 18 67 32 47 73 2 100
60 95 99 37 74 25 83 44 41 19
42 14 54 82 25 68 28 25 45 91
46 40 68 31 24 6 36 50 1 83
76 43 63 8 71 85 18 20 83 72
10 37 79 4 37 12 91 51 25 98
32 28 70 58 81 33 24 71 11 52
65 14 99 93 50 80 37 82 69 59
20 78 9 1 97 69 38 24 9 52
52 44 80 75 90 66 32 95 7 75
98 76 22 43 73 46 88 77 64 77
24 11 82 99 34 65 50 73 67 74
51 99 58 11 47 10 34 38 72 81
10 22 97 19 44 57 64 71 77 99
75 20 80 69 38 29 86 71 33 22
96 63 53 94 72 52 46 77 5 31
88 90 26 5 4 57 46 83 13 70
53 88 57 47 88 31 47 24 82 11
6 100 23 82 44 80 17 52 78 83
49 88 28 74 28 89 53 99 53 42
73 52 14 54 13 90 36 13 11 43
86 18 40 38 53 74 95 34 52 64
86 16 48 55 62 89 11 4 73 65
3 22 77 37 71 36 19 7 53 80
41 10 68 76 94 97 15 27 94 80
38 84 31 92 37 31 64 68 66 72
74 88 74 90 20 94 28 84 23 39
42 8 49 94 88 60 6 85 94 90
50 39 22 39 99 27 47 39 17 22
76 60 58 37 29 11 79 85 84 60
57 98 31 66 75 24 8 95 25 97
99 11 14 90 60 11 28 27 76 23
50 59 36 49 52 73 90 8 44 52
59 75 79 68 58 28 22 26 18 48
50 77 45 6 35 63 51 79 64 16
78 70 88 36 100 43 73 22 41 36
90 21 48 42 42 46 76 7 34 82
3 35 6 11 64 45 33 60 5 85
39 75 85 58 41 32 54 84 6 81
52 89 57 29 98 58 82 92 79 13
88 17 22 65 45 36 48 76 98 92
29 34 74 14 47 26 5 45 6 11
21 39 23 23 70 80 8 13 38 15
65 37 10 9 17 99 64 84 4 56
