300 8 2
150 150
27 62 66 87 35 16 42 31
13 75 85 71 81 27 59 87
45 59 80 44 99 29 86 75
27 24 6 23 100 67 72 73
14 72 27 67 67 5 37 76
6 26 81 22 90 84 24 93
54 46 75 19 87 48 50 72
10 67 68 21 7 30 38 43
31 85 20 10 77 4 23 81
1 81 31 39 39 32 41 33
40 50 84 3 84 58 78 78
14 94 76 1 94 47 22 93
65 69 97 94 28 54 29 51
20 17 89 74 20 71 26 88
57 17 4 13 90 100 94 88
34 26 31 46 68 42 5 96
96 10 64 4 82 97 8 53
37 78 42 12 78 14 94 97
71 63 69 15 56 51 73 100
36 27 98 92 34 17 54 17
43 70 51 72 5 9 6 66
33 78 81 64 16 80 36 83
24 42 25 69 97 78 28 98
36 26 96 28 28 59 10 42
42 68 2 30 100 66 52 73
80 46 3 80 34 9 19 86
23 39 41 100 42 8 12 44
90 66 2 25 57 70 97 37
51 86 88 97 63 19 84 73
51 85 27 89 93 100 11 40
57 91 32 95 98 23 56 3
20 83 91 83 81 16 66 23
77 2 56 81 58 12 89 11
51 64 47 58 98 81 35 58
38 29 13 21 41 84 21 95
57 2 95 12 5 8 55 86
25 44 88 17 31 11 73 47
81 22 4 90 14 98 42 52
62 50 83 69 39 79 84 64
14 67 87 34 11 4 78 100
80 72 96 23 32 67 59 35
14 15 83 31 99 28 13 76
1 5 23 30 94 93 42 77
79 84 94 5 100 38 40 89
6 86 41 84 79 98 3 39
11 74 34 11 69 25 85 91
19 24 30 84 6 3 48 52
42 4 28 70 73 74 72 2
76 55 69 59 31 99 41 64
51 91 23 10 82 81 1 60
11 55 68 26 70 7 62 2
36 16 50 42 24 81 98 19
23 76 81 13 97 77 57 24
88 35 2 45 52 20 87 64
66 38 48 7 93 62 40 9
10 78 56 96 70 40 22 81
17 52 23 75 69 12 79 22
40 89 11 87 83 11 51 43
62 93 31 7 39 63 37 25
26 63 81 5 97 69 39 46
68 1 5 26 72 37 97 63
94 12 93 96 37 10 13 66
74 43 59 29 91 37 39 92
78 36 42 85 33 80 78 66
56 88 39 97 50 53 8 90
39 25 52 88 12 27 51 21
22 56 7 22 53 64 24 96
41 54 94 74 53 53 62 94
78 76 8 13 66 58 89 46
27 25 15 23 61 15 79 32
27 15 64 22 59 28 39 33
41 91 15 33 97 42 97 13
30 16 57 41 39 11 86 59
56 26 38 22 25 87 49 6
8 11 35 25 23 85 10 15
49 86 18 75 22 2 86 91
8 45 8 81 95 14 37 53
78 14 26 100 97 54 75 92
96 63 70 85 3 59 73 88
6 23 85 13 78 45 67 62
34 21 5 69 47 23 18 85
33 41 80 37 8 94 84 82
70 59 22 30 97 70 34 84
67 26 30 39 5 12 77 26
12 83 76 11 5 80 8 5
8 36 68 64 37 41 95 22
25 28 19 7 57 75 47 92
71 85 78 24 57 84 38 86
2 24 28 40 4 77 87 41
20 41 30 76 52 1 14 57
61 33 74 58 38 44 24 59
42 11 83 49 54 3 75 97
22 4 62 4 56 34 56 13
27 75 91 73 66 95 66 98
100 89 12 11 59 51 64 11
3 5 58 50 51 31 50 49
82 80 15 66 38 14 81 68
58 23 15 25 30 18 42 14
23 8 23 99 2 6 15 5
29 59 37 100 47 24 26 69
26 61 25 42 92 56 61 39
75 43 79 56 42 39 76 49
35 66 43 11 28 92 53 98
14 86 60 8 96 39 58 54
18 89 25 60 57 32 23 32
53 11 63 67 81 9 46 66
59 98 56 57 19 43 88 49
69 64 83 47 70 59 5 24
41 47 59 37 25 36 44 40
94 78 83 67 73 6 100 11
45 19 24 67 47 37 98 41
43 16 13 4 22 48 66 1
25 90 21 95 21 88 94 75
54 62 30 40 78 99 6 10
15 63 41 9 67 22 87 31
68 5 72 59 94 27 48 15
100 2 24 85 10 74 6 30
10 56 47 36 98 40 29 80
25 56 13 36 34 61 66 22
31 64 75 84 34 81 49 35
70 75 92 52 26 2 69 67
35 69 28 84 17 77 33 78
56 9 58 54 50 4 57 60
71 44 46 73 52 85 77 21
22 16 73 17 26 87 50 26
13 86 37 28 62 99 2 62
30 35 42 22 27 82 33 64
100 89 52 90 88 56 84 5
46 81 84 79 77 60 38 63
70 60 57 96 89 98 97 91
47 96 25 68 82 36 67 65
47 35 63 49 16 34 31 96
95 28 77 57 52 6 12 6
31 20 65 88 95 60 28 32
52 67 47 37 57 58 17 90
32 38 36 11 68 82 79 10
55 100 29 38 71 18 37 50
9 8 27 87 57 85 55 13
26 35 26 58 58 65 36 50
61 21 27 18 81 18 95 25
53 33 58 70 46 86 85 59
9 48 23 1 91 21 17 81
98 15 94 46 28 96 100 72
46 52 25 36 70 65 99 60
81 82 69 61 70 3 77 7
64 27 92 28 40 36 78 2
87 96 42 13 37 34 68 43
54 42 15 40 34 31 21 79
52 84 15 18 20 3 54 39
91 11 8 43 85 4 9 74
68 6 8 24 98 51 61 86
76 70 58 9 73 12 95 23
73 34 92 3 84 18 71 54
78 80 75 11 84 23 82 68
58 9 74 59 16 85 73 56
24 35 6 56 41 19 67 63
52 96 52 14 24 62 17 19
91 95 51 31 32 57 2 99
34 24 1 11 51 32 1 66
51 29 36 80 20 33 35 81
20 28 50 95 47 43 61 4
8 81 95 95 48 99 53 18
73 67 78 10 13 69 1 33
99 39 9 40 19 82 14 73
91 46 5 71 20 97 19 44
79 41 43 80 85 61 78 24
17 21 2 62 80 2 73 53
70 70 56 58 98 43 25 82
30 100 95 99 93 43 50 21
5 96 100 63 73 95 77 16
59 29 86 24 41 39 66 2
20 98 89 50 17 76 4 48
66 81 72 59 61 75 75 82
53 43 67 57 72 28 34 49
65 16 82 98 64 85 10 54
84 41 35 68 13 68 44 93
9 55 3 57 38 65 24 69
85 48 87 76 68 31 67 34
7 26 39 53 89 64 75 34
17 62 98 87 95 20 60 23
11 17 40 58 69 1 3 82
21 55 22 28 76 9 5 54
33 100 81 67 46 66 52 89
70 96 43 99 71 45 71 57
38 72 6 47 56 44 88 66
16 23 41 23 84 14 91 5
54 60 13 100 98 21 58 89
84 94 4 43 98 98 20 83
73 43 16 8 14 16 47 20
76 91 54 18 11 92 1 62
60 37 44 89 10 94 74 50
13 4 25 59 53 28 8 38
49 2 16 35 56 6 85 37
88 65 53 76 95 42 2 76
60 8 48 67 40 8 94 78
65 68 15 58 37 58 61 14
93 25 50 64 92 7 11 59
78 31 85 60 3 11 26 84
46 70 39 12 59 89 16 49
80 48 35 31 96 87 15 83
10 77 53 31 64 73 33 69
97 89 52 43 71 8 66 60
85 29 76 14 96 41 40 5
23 77 9 69 70 20 32 59
81 11 66 52 100 5 80 98
28 21 35 50 65 44 10 75
32 22 93 69 98 41 10 75
4 31 58 21 69 18 35 69
95 9 78 36 96 61 46 62
20 76 37 21 63 1 87 92
70 61 49 5 34 61 60 29
25 33 63 65 73 78 75 68
97 29 91 16 20 90 57 26
48 81 60 100 76 19 41 86
76 100 14 24 4 14 7 46
54 76 45 15 54 38 20 59
67 94 16 3 42 90 68 83
95 81 99 49 75 13 37 81
11 29 67 70 89 31 51 15
17 73 82 42 25 2 61 54
26 95 83 76 91 94 82 75
61 1 69 88 60 15 84 20
34 97 26 29 11 51 8 60
21 32 36 31 19 95 62 53
56 19 87 83 37 80 95 20
97 34 51 60 45 39 86 60
41 47 4 49 37 47 72 85
2 57 23 54 82 40 12 46
60 12 55 80 93 4 66 76
65 51 63 18 67 69 18 83
35 96 89 80 85 74 89 50
92 74 90 72 1 65 21 44
35 57 34 83 47 60 10 30
18 44 59 38 25 81 27 44
7 20 42 52 77 37 73 71
19 78 29 65 55 26 32 37
75 79 10 56 20 65 18 7
14 81 53 64 42 75 58 35
62 75 34 65 1 91 32 39
28 11 12 79 84 63 54 70
99 79 48 16 41 68 4 3
45 1 65 66 53 50 6 80
47 46 93 9 8 62 25 72
23 60 51 6 92 78 34 47
4 88 62 67 60 84 72 50
98 22 96 32 14 88 89 48
28 7 88 17 25 95 48 88
44 83 83 84 72 37 38 64
43 50 2 56 71 54 10 1
37 80 22 82 40 72 51 1
69 23 30 24 5 25 41 4
59 61 81 25 53 2 70 64
24 28 71 60 74 30 15 42
14 94 20 7 67 28 88 55
54 63 3 73 90 72 14 56
86 70 88 64 75 78 5 14
41 36 72 90 51 85 29 25
2 47 15 32 39 89 97 79
27 49 15 27 3 68 12 52
42 81 77 40 88 97 57 9
26 94 66 26 75 44 17 31
52 5 52 8 20 85 54 6
52 19 82 21 71 99 91 45
9 90 40 92 78 20 65 7
25 9 71 73 36 47 56 57
80 54 93 23 30 61 16 79
5 27 27 28 66 79 31 28
36 61 93 93 15 60 6 79
99 82 73 46 2 33 57 25
70 58 44 43 6 17 41 19
93 56 12 56 70 49 61 61
56 6 15 94 28 43 36 91
58 43 74 78 96 49 11 19
15 51 97 76 93 72 45 12
88 66 90 70 73 95 22 17
33 85 7 6 1 81 51 8
6 99 49 50 3 81 54 48
71 49 7 60 50 58 77 33
96 61 86 34 87 97 48 61
34 28 76 98 5 79 74 24
20 24 48 52 99 22 67 27
39 85 87 79 91 33 16 84
45 85 99 84 93 2 70 39
27 87 47 28 38 57 74 15
58 60 3 65 9 48 91 93
81 74 33 100 45 20 2 63
100 37 35 21 5 19 51 11
96 14 98 90 6 11 98 24
79 50 78 68 85 30 75 39
45 2 71 39 44 80 81 56
5 18 53 37 64 42 44 93
96 53 21 93 19 86 38 59
1 96 28 73 15 72 45 75
30 33 28 50 34 94 88 54
44 99 55 52 60 97 70 35
15 76 5 64 17 80 18 29
74 36 97 79 49 66 98 13
68 53 32 38 11 84 41 94
34 15 80 92 70 13 30 16
78 23 47 71 20 74 10 93
