150 4 2
75 75
99 92 24 49
23 43 97 51
48 62 13 43
55 54 77 89
39 72 96 93
50 85 68 51
21 48 30 93
1 72 23 8
45 13 10 54
18 87 54 32
26 13 69 14
4 1 86 62
10 22 55 42
84 71 71 68
45 100 53 79
17 68 44 97
20 11 56 75
42 43 36 37
17 28 96 17
42 95 70 44
81 2 99 40
18 96 5 3
15 45 17 4
15 73 16 39
45 64 51 31
48 66 9 82
25 55 77 70
4 2 20 59
63 26 23 25
23 67 46 63
93 31 79 57
97 46 97 31
32 15 22 50
23 78 83 20
83 99 94 98
6 51 62 68
82 82 62 72
6 11 15 80
99 9 54 42
52 86 35 73
41 47 50 84
98 29 28 78
16 70 60 1
69 45 77 65
50 30 30 18
30 48 18 66
82 86 61 50
88 65 11 82
59 2 16 45
81 84 25 20
23 43 61 41
48 12 65 96
57 24 70 12
63 91 7 87
20 3 79 72
78 83 9 18
5 9 72 63
17 36 39 39
93 51 41 67
7 72 16 4
87 60 40 90
48 72 58 65
48 41 36 22
46 53 4 50
66 46 34 76
69 45 16 70
41 2 95 49
1 29 16 100
64 44 17 68
95 93 92 8
1 43 29 95
60 100 77 31
44 24 100 36
30 96 7 29
69 17 100 53
98 91 80 58
17 95 35 70
11 98 100 56
94 76 52 49
68 1 62 12
44 97 100 52
53 92 11 76
52 98 64 27
11 15 1 39
76 60 34 76
39 77 12 63
18 100 70 3
44 35 7 72
77 97 60 43
13 66 55 8
54 17 2 22
70 74 32 28
90 69 51 95
29 87 74 95
64 78 100 75
70 67 70 74
88 90 99 32
89 15 88 68
58 34 38 33
10 50 87 15
66 98 19 63
41 6 66 57
76 100 26 30
35 53 31 55
15 65 51 49
73 64 100 88
34 36 27 66
81 58 74 82
42 75 4 67
59 5 31 49
22 41 40 64
65 75 37 25
70 42 3 74
4 57 79 51
24 1 11 34
97 84 46 28
79 95 62 94
40 51 39 35
93 34 4 6
74 92 68 5
39 3 72 95
25 63 74 81
50 93 94 66
93 57 82 11
75 70 18 3
86 30 71 54
31 75 35 51
42 25 27 86
21 58 96 93
70 21 99 58
59 75 37 58
18 40 88 23
14 100 75 25
40 95 29 36
73 53 23 11
17 62 57 8
75 24 52 55
71 97 55 57
75 49 94 36
51 54 30 82
30 72 49 88
3 48 74 63
31 2 69 99
43 89 84 71
9 37 6 10
89 75 74 9
94 24 51 49
40 16 86 51
1 81 20 61
89 33 79 42
