150 5 2
75 75
37 64 30 30 22
2 47 3 44 71
8 99 73 45 6
5 64 100 75 68
44 28 81 64 69
18 40 78 65 7
59 25 65 79 19
80 91 94 97 11
27 93 6 34 65
48 77 32 9 92
19 44 91 94 15
23 100 17 75 60
92 23 48 52 5
92 8 9 53 31
65 74 84 60 33
52 82 3 67 38
73 89 29 63 39
50 62 57 70 76
80 87 18 52 35
10 58 21 13 28
75 68 44 42 98
29 4 55 43 17
40 60 26 63 57
47 73 38 11 50
16 80 68 7 96
84 78 83 7 98
34 6 94 9 27
53 7 77 66 58
22 50 39 81 15
33 12 28 19 21
27 87 26 96 8
5 9 60 43 90
14 86 7 23 65
2 74 8 3 85
58 96 99 66 47
70 71 99 31 1
2 91 31 41 54
65 7 21 29 41
84 34 39 34 90
39 27 69 89 78
59 33 3 51 39
21 87 32 40 98
70 17 28 12 93
83 53 18 7 93
13 2 44 71 77
42 69 98 7 54
37 25 75 38 18
6 93 63 33 96
37 94 25 89 96
77 54 28 39 16
12 23 15 49 89
4 32 63 88 43
33 98 75 55 56
98 57 31 26 69
53 21 29 81 81
33 28 100 80 95
79 17 40 69 24
66 56 6 10 19
11 75 86 42 17
97 7 76 69 79
70 96 76 28 37
26 74 24 30 27
25 98 1 66 95
66 33 82 37 62
34 56 99 16 70
46 13 3 63 2
92 23 1 69 81
61 71 19 92 85
77 73 40 58 30
9 73 62 27 65
80 45 86 10 19
18 6 44 64 73
30 2 61 6 41
79 19 68 82 65
90 98 18 85 85
43 51 36 85 92
97 41 21 4 80
4 78 77 55 20
55 11 70 46 49
26 86 22 48 7
44 89 39 38 13
31 86 35 99 47
9 64 83 38 35
91 52 74 77 88
64 3 18 97 91
34 31 35 59 51
4 84 58 73 93
37 88 10 100 15
62 40 63 83 33
53 14 3 79 13
94 15 37 96 14
92 75 94 72 71
85 57 89 4 86
13 82 69 23 92
19 78 29 31 10
87 1 52 77 52
20 42 95 94 32
27 43 63 28 12
38 15 96 80 93
62 4 6 37 57
58 79 88 77 44
91 81 17 56 78
93 64 87 11 59
48 79 18 83 34
55 86 39 68 59
34 29 43 82 58
28 17 29 92 56
78 94 10 29 10
23 7 36 94 36
16 42 46 31 94
48 65 56 100 88
57 25 68 3 59
91 20 40 11 22
87 47 58 23 96
100 15 50 6 68
77 85 51 55 69
32 1 71 53 51
34 90 63 10 47
6 9 35 45 62
39 62 89 59 15
68 82 38 38 96
37 38 93 61 76
71 12 15 58 19
55 35 86 60 81
95 54 29 57 1
74 11 47 20 56
85 7 21 70 10
2 46 68 14 68
60 15 60 5 19
35 25 47 43 30
53 92 55 28 5
44 47 45 73 63
43 67 62 17 14
98 55 51 52 18
35 91 50 79 45
65 42 47 48 92
57 90 37 75 10
15 76 16 3 29
77 59 19 34 45
43 32 28 62 55
97 30 93 57 81
13 82 67 7 87
61 49 26 47 74
31 4 52 83 89
100 88 86 38 56
39 1 10 52 67
71 60 88 63 35
45 32 66 70 42
59 68 60 96 18
64 37 42 6 71
