100 8 4
25 25 25 25
92 90 63 60 13 87 45 59
54 44 37 33 3 67 40 27
81 79 10 98 8 32 17 30
72 63 69 2 23 79 66 55
11 34 1 23 11 12 20 87
41 50 14 38 35 66 50 72
97 85 41 19 33 6 87 80
91 75 25 52 81 91 61 54
8 6 69 95 84 26 71 1
68 87 75 96 87 32 7 45
51 48 25 57 91 30 1 38
1 63 68 16 27 2 80 18
46 95 14 60 14 71 32 39
98 92 64 19 7 38 31 42
40 2 9 94 15 34 59 10
92 73 82 100 31 5 34 37
12 63 54 62 26 19 36 22
4 68 6 70 82 67 74 37
3 54 5 84 68 12 51 58
75 47 79 56 90 75 17 36
53 7 71 94 70 100 8 62
100 3 3 1 21 14 21 50
60 60 95 60 40 73 69 32
36 52 12 31 34 77 16 55
31 41 32 5 33 72 92 10
10 7 66 24 77 96 24 43
80 22 67 48 72 21 43 22
6 36 11 48 47 96 57 57
100 8 33 40 69 7 95 13
49 84 60 1 83 4 50 41
80 4 68 25 97 48 100 31
63 1 46 12 26 92 70 65
13 10 69 97 59 1 60 7
38 15 85 60 17 66 64 75
36 89 88 84 15 64 52 80
56 13 20 39 55 85 82 13
58 73 27 17 98 15 68 29
39 77 73 44 95 42 33 57
30 41 68 39 90 45 2 34
52 23 76 11 9 57 29 37
3 27 8 92 96 33 55 58
20 87 14 69 82 45 51 70
18 8 29 45 67 8 84 52
13 27 40 53 78 88 4 74
88 18 70 3 21 55 65 79
38 63 10 23 33 85 99 93
20 43 34 49 21 12 17 66
95 38 83 44 24 8 19 5
20 42 99 78 49 7 19 70
51 17 48 80 61 33 18 44
42 50 66 59 29 85 97 79
70 96 10 42 58 80 98 3
14 4 3 83 55 78 13 18
59 68 3 46 24 21 18 49
17 55 36 48 64 67 5 98
78 88 70 38 37 7 92 22
39 2 30 28 16 83 43 60
62 90 62 20 37 57 5 43
73 7 16 75 18 96 38 78
2 10 1 40 98 64 24 5
4 38 14 8 50 52 52 43
47 67 74 92 21 70 32 83
28 94 96 34 45 97 76 6
62 37 86 74 9 53 51 13
64 51 47 59 67 40 2 14
1 93 32 58 59 80 85 99
4 95 67 26 37 14 63 95
46 34 46 16 41 82 59 87
46 78 70 47 63 68 71 38
49 82 64 63 90 88 79 63
74 52 24 59 18 60 17 19
54 76 53 47 79 77 78 27
11 36 92 78 20 83 77 33
13 14 68 66 22 100 94 82
28 61 5 73 63 88 69 58
77 10 68 30 43 10 25 3
28 35 40 36 44 44 27 35
99 94 58 38 77 67 24 22
69 1 40 83 47 93 20 78
93 25 100 17 43 54 67 88
83 9 24 41 21 41 87 90
12 48 40 70 47 57 58 51
25 78 42 62 15 41 25 30
90 62 4 80 56 67 16 14
12 78 30 36 5 25 81 65
90 37 17 26 94 44 86 11
99 96 5 28 79 12 7 81
21 38 85 62 27 97 43 56
50 30 48 2 21 75 15 86
66 97 7 1 57 32 22 12
33 56 44 78 40 81 92 62
72 99 42 60 1 14 24 38
18 33 6 85 4 87 23 8
55 7 4 19 96 97 66 52
1 77 48 30 29 15 65 44
66 3 27 30 71 66 1 70
25 69 48 68 55 80 39 98
69 76 44 48 55 54 76 65
30 42 62 98 86 99 60 45
86 16 38 12 54 61 74 2
