40 7 4
10 10 10 10
91 48 96 38 48 33 14
15 41 80 42 9 92 67
32 88 6 31 64 34 62
52 36 51 49 54 8 89
74 60 44 74 86 73 82
24 6 71 56 87 87 63
61 5 37 47 80 3 61
11 24 64 86 1 30 29
65 63 22 79 100 7 24
92 91 90 7 14 69 68
3 35 33 35 63 85 73
24 44 51 46 6 13 34
91 97 30 54 41 50 96
38 21 88 21 28 80 6
42 74 92 59 20 81 55
20 92 15 76 98 31 98
84 92 26 38 19 28 66
89 49 65 8 61 52 2
31 45 44 79 65 46 60
15 9 80 40 69 46 29
8 19 11 96 59 54 34
65 55 7 78 12 14 62
14 5 14 18 40 49 81
91 7 41 26 81 66 44
81 78 31 72 63 78 77
52 9 65 50 1 85 28
86 54 26 42 18 50 91
88 91 75 4 30 32 55
72 46 57 84 95 38 46
80 37 43 28 34 58 88
13 63 64 48 78 52 66
5 66 86 15 80 92 5
82 17 38 13 7 37 23
86 65 6 90 74 26 1
80 96 57 5 9 53 28
96 30 35 62 37 66 20
75 44 28 4 97 35 78
37 74 41 10 98 10 1
93 85 43 37 4 31 68
72 1 32 17 100 46 29
