60 8 2
30 30
59 6 53 99 36 83 8 4
31 89 15 64 78 59 76 10
9 28 28 22 96 49 15 67
18 69 77 74 62 90 6 96
62 46 93 63 88 46 84 93
41 49 73 43 87 50 8 7
49 75 74 41 5 21 100 50
21 90 90 57 78 96 9 1
19 76 81 61 43 49 34 69
65 25 100 78 19 96 18 22
76 100 40 71 1 90 96 15
57 90 7 61 76 77 54 45
45 13 70 50 28 46 42 30
21 57 67 28 89 1 42 4
33 52 51 83 76 54 84 51
90 23 17 51 91 89 57 35
24 59 36 67 1 70 66 91
37 1 85 2 5 77 34 94
63 39 63 9 65 100 35 10
27 62 12 2 60 30 21 99
78 4 2 49 84 13 77 34
22 85 41 41 92 71 8 39
88 38 8 79 83 99 56 73
4 60 37 96 60 85 89 9
55 46 2 85 100 24 13 84
64 87 60 20 46 24 6 19
15 29 65 83 84 12 66 36
97 42 70 34 75 94 24 21
54 38 59 87 52 35 71 13
61 33 94 80 11 49 88 10
66 55 55 56 41 29 89 27
58 21 17 84 83 49 11 50
59 58 95 89 13 12 10 65
63 32 37 81 80 42 48 64
35 5 58 88 57 34 82 44
79 38 43 44 75 6 91 61
18 9 61 72 49 27 95 8
48 25 62 81 25 9 58 18
67 27 60 62 100 89 78 20
77 29 20 35 92 36 7 95
26 41 94 11 67 62 48 9
25 65 83 46 47 27 32 24
64 58 22 13 58 51 63 9
8 14 4 21 91 89 91 10
50 95 2 48 85 32 40 42
56 18 48 71 56 19 17 14
17 87 73 15 26 4 71 6
100 15 35 48 34 92 62 52
68 78 69 94 28 33 99 5
3 95 47 45 73 67 15 74
60 37 34 95 16 28 5 79
19 94 63 13 5 62 60 53
39 57 84 47 49 22 44 79
6 2 53 23 52 38 15 60
50 76 56 62 83 81 92 41
55 20 100 54 48 57 97 48
95 84 6 45 75 13 48 4
81 20 86 32 43 45 70 24
74 51 97 76 94 15 46 31
30 60 96 74 32 38 34 23
