100 8 2
50 50
54 82 88 81 6 40 67 95
38 91 99 93 11 35 3 30
44 93 39 63 33 64 35 40
94 46 3 64 52 49 12 35
84 35 68 69 5 18 11 75
34 42 70 59 24 6 8 27
34 47 8 43 22 68 77 27
2 71 41 42 54 90 63 58
93 39 76 83 19 17 59 56
30 15 67 17 64 55 26 6
39 52 82 29 10 100 91 100
18 54 99 46 17 96 39 56
63 37 35 22 42 42 88 21
33 38 21 75 82 88 83 18
36 18 91 7 86 93 80 96
57 51 29 19 79 37 100 7
64 85 97 18 44 9 48 7
63 38 47 60 44 4 60 54
88 57 78 97 90 22 13 74
46 33 100 1 73 34 95 79
59 86 15 99 27 56 42 91
64 35 16 33 92 63 75 94
65 27 76 31 83 25 1 8
53 94 86 59 99 35 59 78
35 48 33 77 13 82 21 6
41 51 57 31 36 81 83 71
87 9 23 53 48 52 14 24
35 75 80 42 30 26 26 41
61 72 10 55 48 9 4 80
20 58 86 33 67 47 7 74
91 98 85 35 4 44 10 44
13 17 30 58 37 60 70 36
65 57 62 66 39 71 32 100
41 40 52 57 2 66 92 60
23 30 19 36 60 30 1 65
70 44 8 86 45 15 77 100
42 35 33 34 12 24 34 100
60 83 18 70 41 34 83 9
60 28 56 67 81 52 37 64
74 60 91 98 5 75 29 94
84 37 90 59 96 84 30 77
97 92 57 39 63 24 31 86
47 72 3 93 85 19 13 18
31 82 80 16 2 34 26 88
35 67 41 27 28 94 51 29
89 35 81 90 40 10 20 41
71 96 80 56 65 76 7 62
58 90 36 97 79 30 25 67
72 20 80 48 94 4 88 21
79 100 92 6 76 9 21 28
51 12 74 25 35 10 41 61
81 10 45 28 92 1 7 65
10 12 58 18 80 91 62 71
32 96 54 41 69 49 74 51
58 57 22 67 2 70 61 15
58 9 4 66 82 65 70 23
33 43 76 100 61 92 27 65
66 62 1 65 9 65 88 33
53 63 19 48 61 21 57 83
34 32 35 86 86 29 43 71
52 76 6 42 8 68 88 99
18 8 56 29 83 17 73 13
63 54 51 53 17 18 87 38
10 49 25 63 57 16 28 38
81 53 35 7 20 92 49 41
27 86 83 58 24 33 90 67
68 70 48 40 28 5 47 40
44 38 88 75 19 26 69 81
44 24 33 38 86 61 91 20
52 74 69 68 69 79 36 51
20 14 70 8 83 41 49 39
76 83 55 39 46 13 40 48
9 10 53 40 65 32 63 39
2 95 16 10 52 51 44 73
88 21 14 99 91 49 35 4
74 6 83 55 64 98 63 57
39 86 42 98 98 90 8 18
100 59 74 35 20 96 12 87
27 56 42 19 8 94 12 69
16 21 100 98 74 90 52 3
74 91 93 4 41 30 11 53
73 26 86 88 72 56 59 16
64 41 45 90 78 80 12 18
79 8 63 14 11 53 75 98
39 60 14 26 21 69 72 12
59 99 71 24 21 35 100 96
27 93 19 22 7 76 75 78
73 21 48 50 18 81 49 20
71 89 17 88 22 91 2 41
49 38 18 51 89 92 56 46
79 3 75 7 62 66 64 51
82 11 65 17 48 5 53 1
77 14 44 87 96 1 46 10
43 1 15 96 19 65 79 62
89 31 71 52 85 26 95 64
46 84 94 60 93 27 75 34
13 23 8 21 90 19 32 73
41 11 100 100 13 9 6 42
28 27 67 17 45 21 2 46
54 77 49 67 34 74 72 6
