300 6 2
150 150
86 62 9 78 12 55
90 69 22 28 36 65
22 97 88 76 40 50
17 86 36 30 44 27
10 45 59 82 91 80
11 52 71 11 86 98
66 78 86 11 7 88
33 80 61 68 75 78
42 43 31 73 25 27
15 73 13 11 21 71
88 34 79 84 90 28
13 48 100 36 7 35
62 23 59 66 89 94
42 96 95 77 20 38
70 27 58 39 46 52
44 87 89 66 15 91
74 39 78 54 75 94
74 29 91 7 82 11
30 39 59 21 50 22
38 1 84 36 52 20
36 81 35 19 96 88
45 42 49 87 4 85
82 76 7 4 56 42
30 91 91 5 20 100
70 53 41 9 61 100
96 32 88 66 80 1
40 66 95 34 80 72
3 74 40 84 80 44
16 62 46 50 53 18
2 33 86 13 61 66
74 41 86 71 39 37
24 9 89 9 67 6
34 22 50 60 9 49
6 81 7 53 76 99
1 26 58 9 76 88
97 93 10 14 2 1
45 25 68 72 81 86
44 85 73 85 92 64
40 99 42 86 33 7
77 42 72 29 30 58
64 19 27 7 22 94
36 62 88 26 88 9
94 67 10 49 65 51
77 80 37 58 20 4
88 97 58 31 30 33
84 33 46 29 54 34
13 86 28 9 10 89
86 97 28 87 4 24
26 92 3 97 52 67
8 92 4 75 34 39
62 25 76 9 49 83
68 38 41 56 41 72
75 25 61 56 15 39
96 97 85 34 2 45
5 34 90 97 19 96
12 65 8 81 41 21
3 65 45 81 46 93
56 43 47 50 10 68
60 87 88 61 73 48
45 63 23 1 71 58
75 74 6 56 2 91
3 13 44 88 54 5
11 94 87 84 2 40
44 12 2 9 39 82
40 72 63 97 11 45
12 21 42 51 68 64
57 12 17 20 43 26
7 40 38 70 32 66
61 29 45 30 98 63
16 89 91 52 12 20
47 99 87 97 58 99
47 19 55 49 32 71
59 66 19 38 56 86
36 30 50 10 30 18
38 75 68 95 57 14
42 76 95 95 65 27
6 46 80 34 77 54
77 22 13 93 4 28
52 14 91 71 81 83
55 34 79 57 34 37
77 53 8 53 51 45
14 89 5 28 96 27
48 59 75 7 95 95
89 3 24 25 53 51
64 10 34 46 10 48
58 42 21 57 96 74
11 28 38 12 37 56
57 77 15 26 84 20
88 95 57 24 63 90
86 33 36 7 88 87
37 77 50 22 24 48
76 22 64 18 31 34
89 28 12 97 46 25
58 21 22 6 12 57
60 22 35 44 27 56
18 52 93 57 55 91
55 51 85 83 10 30
59 69 24 43 89 39
52 39 34 63 50 14
71 25 34 30 16 61
35 39 4 6 80 98
57 5 3 90 25 17
1 91 71 8 81 59
99 20 37 93 49 47
53 83 83 99 91 8
40 21 42 5 25 29
24 52 6 31 96 3
100 53 13 36 25 43
92 64 75 70 74 4
78 5 65 88 66 98
99 40 53 56 43 57
7 74 68 72 66 40
39 89 60 11 37 34
49 12 30 76 32 14
3 62 92 100 27 70
77 26 99 38 12 57
6 62 100 60 81 9
90 23 77 77 90 45
96 29 25 80 81 72
51 71 55 30 55 61
62 18 1 31 33 100
72 58 59 91 69 88
93 23 27 33 89 16
8 15 91 18 89 28
38 32 90 80 2 77
29 33 82 72 70 84
1 95 13 47 93 79
23 75 62 29 40 53
99 98 94 82 64 45
72 85 24 20 20 52
31 28 19 60 11 62
4 90 40 70 78 3
98 18 59 20 55 56
64 89 20 2 47 27
96 21 51 70 39 80
82 49 44 43 31 88
40 57 75 20 29 89
49 57 25 62 37 96
64 44 76 84 14 59
63 100 26 75 33 72
29 64 77 82 82 18
64 96 2 49 2 69
22 89 35 77 65 71
74 61 40 56 99 67
88 49 36 88 86 25
62 41 81 79 73 40
74 18 23 51 77 60
65 39 2 66 98 78
58 70 72 97 58 21
30 12 3 19 92 9
80 71 51 18 50 66
41 42 9 27 56 84
19 74 46 46 63 83
93 63 32 38 62 79
100 96 85 36 16 26
39 35 67 24 41 80
98 96 15 13 41 26
19 2 8 89 1 53
12 8 39 78 55 22
78 57 70 61 78 16
49 9 49 37 87 45
79 16 71 97 79 83
9 96 61 11 26 5
42 31 5 66 16 2
23 70 56 74 30 34
25 26 72 76 58 54
98 25 30 22 92 7
74 19 86 50 42 73
61 23 63 38 97 34
80 56 66 98 52 7
59 8 64 13 23 33
100 89 49 76 5 28
83 42 37 71 58 80
68 89 36 84 75 27
27 42 12 41 84 76
97 26 45 21 10 80
46 17 57 32 70 54
20 45 11 2 58 55
15 43 57 98 58 19
76 82 20 10 85 96
5 42 62 90 92 46
30 10 56 74 40 99
90 9 79 39 59 97
68 47 85 55 25 11
97 34 42 74 22 9
60 88 68 37 65 53
60 4 43 7 30 47
93 11 82 54 81 29
25 90 46 18 76 28
99 65 90 13 41 45
49 43 3 19 30 68
82 11 26 7 45 61
20 96 20 81 30 63
47 9 37 81 57 78
54 16 60 1 65 56
78 11 75 61 36 64
6 98 6 60 70 24
64 40 94 45 41 42
22 92 87 2 6 99
13 57 40 100 99 71
97 26 58 5 32 91
98 34 19 58 14 90
85 72 30 12 3 46
72 85 67 29 72 27
93 32 55 8 38 86
13 67 83 38 82 23
44 97 46 58 92 81
63 95 21 27 83 83
67 76 27 36 40 62
49 1 6 78 64 27
80 33 13 75 46 61
59 16 78 64 72 97
51 69 18 16 37 72
91 63 93 57 45 47
51 78 67 62 23 15
100 13 1 13 65 57
61 54 49 95 33 13
49 79 59 79 97 1
95 59 7 65 12 95
50 19 33 86 38 19
35 5 57 39 43 79
51 53 10 15 33 61
35 27 99 58 78 36
44 99 71 97 42 16
49 53 24 46 67 61
19 21 20 20 52 56
73 78 62 11 54 70
97 67 75 17 88 7
53 68 25 70 87 74
67 100 7 45 15 85
18 19 17 60 38 88
33 19 36 72 5 45
43 75 56 1 63 3
49 18 13 73 54 26
79 93 37 28 85 51
64 53 10 13 22 95
51 71 15 37 29 97
46 12 38 46 91 88
8 25 19 50 16 2
39 94 80 39 46 29
20 66 60 47 12 52
65 95 73 65 43 54
99 34 74 16 63 22
18 31 22 76 18 80
99 78 54 8 33 69
96 67 46 65 18 88
63 54 1 19 37 23
71 47 69 21 84 40
88 38 78 65 53 64
36 96 64 24 39 20
26 30 7 82 89 97
83 93 9 13 12 11
94 10 78 52 86 74
97 2 26 38 53 37
40 94 56 4 90 35
21 41 58 98 34 62
83 6 60 69 77 98
43 22 30 72 2 20
95 44 93 29 61 3
10 19 93 79 100 64
62 60 62 4 23 42
23 29 3 75 69 37
61 74 59 64 20 39
98 90 39 94 79 69
3 7 64 39 97 73
96 56 33 18 31 54
19 20 87 61 37 91
21 70 46 50 24 79
91 51 24 92 86 3
72 14 66 100 74 39
49 33 71 60 5 33
5 62 92 89 4 31
73 43 23 73 51 50
11 37 22 6 54 71
72 92 18 62 66 15
54 55 3 1 77 68
39 95 88 62 92 49
45 77 13 39 9 70
91 11 34 66 67 38
10 44 81 81 25 89
51 97 20 32 61 13
30 26 92 54 60 22
60 8 25 93 16 50
91 29 77 5 5 90
97 12 24 73 43 64
33 60 55 59 52 48
71 37 81 86 69 27
50 23 44 71 76 46
60 80 43 7 30 83
13 12 73 57 22 66
55 12 96 56 74 68
89 79 64 30 12 99
12 37 35 82 31 60
53 20 32 57 97 19
26 53 36 9 45 7
36 5 37 6 97 30
67 46 42 79 3 20
54 23 5 77 61 86
13 49 54 81 46 55
79 34 62 70 69 55
