60 10 2
30 30
63 37 1 15 37 69 47 100 66 33
23 38 14 51 35 85 70 41 78 55
96 50 41 74 17 18 93 94 60 66
34 99 34 42 96 19 83 85 90 65
68 21 72 83 41 100 42 78 58 91
37 74 18 23 92 91 94 70 14 40
81 83 99 21 33 62 63 70 6 84
76 78 65 6 95 67 73 65 71 11
58 36 64 34 48 12 24 40 31 88
39 75 31 89 4 58 15 54 75 68
38 94 84 96 14 99 51 62 43 71
5 100 77 70 34 20 92 6 24 63
36 68 97 84 83 21 76 100 77 69
97 66 53 23 63 74 43 94 81 64
29 66 66 1 96 97 91 66 33 61
50 85 73 92 77 99 38 12 86 86
25 48 40 26 33 83 31 98 20 30
62 100 26 14 32 90 44 56 9 32
1 38 44 68 40 1 93 28 8 84
76 13 64 59 37 100 60 55 12 43
49 74 93 69 43 5 68 89 1 59
83 91 83 80 73 75 74 91 81 100
30 82 3 60 6 51 51 38 33 67
90 64 88 34 3 1 25 98 93 100
23 58 44 49 50 4 5 76 91 41
20 46 97 19 17 43 12 29 92 15
9 5 85 98 93 96 86 49 3 84
64 71 92 41 1 92 12 23 94 61
33 59 83 93 19 58 60 93 56 65
82 94 68 44 65 2 92 82 57 99
66 72 88 91 95 43 3 53 95 90
2 95 58 55 100 95 11 12 89 59
10 22 20 100 9 8 74 15 75 40
38 10 57 9 60 2 21 96 29 3
46 69 42 83 44 40 61 78 2 70
26 36 62 14 95 32 61 51 84 35
15 52 66 70 98 14 23 42 88 91
7 77 63 31 45 72 21 52 34 20
69 47 34 20 51 82 7 93 28 64
84 37 12 70 26 94 36 44 56 7
96 69 48 8 47 73 54 72 28 98
12 47 97 66 13 84 29 1 21 43
54 13 75 2 66 80 13 26 17 85
88 48 100 46 16 5 84 64 39 99
96 37 85 58 67 53 25 81 55 8
47 87 17 89 9 76 67 84 9 84
83 64 30 79 13 45 14 43 46 18
47 54 57 71 32 80 65 70 47 75
3 58 36 73 40 99 42 61 18 15
100 21 97 88 39 26 31 73 4 79
22 84 63 13 70 70 50 37 15 61
40 92 3 4 16 31 40 69 12 16
78 70 1 10 86 8 9 84 83 6
39 3 69 72 5 54 85 22 92 55
41 32 54 98 4 1 39 24 88 76
48 98 31 72 23 58 18 12 73 16
10 9 38 99 96 95 45 1 21 9
45 84 56 53 47 4 61 36 57 34
4 11 100 17 84 56 51 45 99 32
52 63 61 80 67 43 63 40 50 97
