40 8 4
10 10 10 10
14 97 32 56 52 3 79 85
55 60 1 92 34 55 48 64
61 91 67 44 16 42 35 36
48 78 53 94 71 23 49 87
99 31 42 81 34 40 35 100
21 90 58 100 89 82 87 95
28 70 58 58 25 74 39 44
65 59 3 62 21 73 32 47
31 47 2 75 89 93 73 10
42 36 60 45 61 7 4 62
49 70 65 12 34 90 54 1
4 93 97 33 82 3 52 50
40 8 51 87 6 24 16 71
8 4 98 51 89 94 46 66
78 75 30 49 65 19 92 57
8 35 61 38 34 46 63 35
38 32 86 52 64 17 11 10
52 81 10 43 72 48 100 4
23 82 8 73 78 13 42 75
42 11 77 66 74 9 68 59
73 74 78 3 35 36 51 65
12 69 5 22 85 32 21 70
18 5 100 78 93 22 13 85
63 69 19 50 41 97 62 4
12 36 22 2 21 19 25 50
17 57 16 51 22 12 85 68
12 94 8 90 33 97 88 55
25 62 24 65 73 79 98 10
42 2 100 8 12 86 85 39
100 11 77 75 56 26 73 62
91 83 22 44 99 12 16 98
99 45 71 61 77 60 82 34
6 98 82 59 69 75 49 90
33 86 20 65 32 76 66 46
17 59 19 82 66 13 16 96
25 9 1 19 39 93 82 29
55 74 41 83 34 11 23 73
91 69 4 81 83 49 83 40
100 65 5 80 1 98 14 53
83 30 55 28 47 11 78 59
