400 8 2
200 200
50 63 61 91 79 15 100 10
40 24 1 48 38 43 34 96
99 87 56 21 78 26 29 29
30 43 58 80 34 35 80 35
3 12 92 36 42 22 32 56
42 80 58 1 81 89 45 69
65 90 1 42 12 79 47 87
72 1 46 56 23 31 32 60
9 41 39 99 18 33 8 56
48 40 76 48 11 68 94 77
57 99 63 87 98 25 29 38
62 44 50 29 32 38 35 31
19 69 30 34 34 63 40 27
42 54 95 76 80 4 79 10
62 40 80 61 82 63 98 39
15 64 53 16 41 50 49 70
82 10 31 89 26 8 44 2
18 22 11 36 37 17 8 24
63 74 66 75 19 82 46 67
4 15 38 43 72 41 15 96
41 15 29 94 49 22 77 1
84 86 70 100 38 43 46 64
49 59 13 58 93 48 88 8
77 34 96 19 24 3 19 68
67 39 55 83 98 8 9 28
92 58 91 32 85 94 93 17
56 21 22 86 51 6 47 65
7 71 59 14 14 7 74 49
2 34 15 37 69 39 15 92
98 66 13 88 78 26 81 94
29 66 50 37 80 19 56 90
56 52 64 78 50 98 35 95
38 65 64 52 33 5 95 56
46 32 61 45 8 50 99 27
8 4 94 74 88 21 91 49
72 64 28 75 32 6 38 75
19 52 89 37 41 82 14 7
70 62 50 47 65 49 40 7
46 8 88 54 28 4 23 100
9 69 66 48 72 83 54 9
67 41 28 25 58 28 71 55
28 79 2 81 69 38 81 24
45 93 31 52 35 22 4 9
71 35 16 5 43 73 87 35
29 91 8 26 8 3 94 51
62 65 88 78 39 34 75 59
19 19 45 25 97 28 66 79
81 2 6 31 50 95 74 96
57 95 11 88 61 15 55 41
77 38 10 39 67 63 82 77
82 20 44 90 41 28 57 11
79 65 31 28 31 62 31 63
7 21 61 96 34 90 16 31
50 48 85 81 41 83 13 59
64 65 43 28 53 66 96 92
36 86 64 76 76 16 11 68
67 79 45 89 18 68 95 87
59 4 77 19 67 37 8 57
47 30 83 20 21 32 48 99
2 31 92 21 78 94 91 74
4 14 46 4 36 21 60 58
44 18 34 59 42 32 33 68
28 6 83 2 97 94 37 37
78 29 71 86 5 21 82 65
43 22 14 43 18 3 46 19
87 82 65 26 28 35 7 43
11 32 20 43 90 57 72 98
5 60 11 12 94 17 70 63
67 94 52 72 9 15 1 49
21 66 35 16 71 4 48 7
14 43 26 56 87 44 5 43
87 63 87 18 81 40 76 65
42 85 31 32 95 6 50 23
58 40 86 68 30 40 50 22
14 57 22 26 88 8 8 17
36 76 69 88 41 52 41 12
71 98 32 91 58 88 91 34
51 25 82 66 43 61 79 57
8 74 66 68 75 59 85 77
42 95 83 87 67 3 40 78
66 13 11 7 55 85 12 45
74 63 82 64 5 6 2 96
98 9 32 9 7 26 93 56
62 61 94 96 64 50 17 89
50 20 86 26 21 3 34 54
27 18 33 33 86 59 34 63
10 45 14 91 29 40 8 44
50 68 14 72 72 96 49 58
83 91 56 97 100 24 78 99
73 2 97 43 60 4 10 78
28 16 48 7 21 40 99 2
91 4 39 43 16 48 33 56
16 70 37 19 100 27 63 70
90 18 92 56 71 98 88 36
60 6 72 54 61 7 34 92
77 6 3 14 78 15 93 100
62 92 29 7 65 34 16 65
57 35 65 54 12 78 71 5
26 86 97 15 15 21 12 40
1 52 64 7 91 15 23 68
98 23 6 89 89 81 22 59
59 91 87 89 40 79 58 59
69 62 14 65 58 46 22 16
73 69 14 23 70 19 45 43
95 32 32 21 37 9 89 97
21 12 77 59 10 97 18 31
96 59 18 6 11 35 14 49
69 69 8 30 49 11 99 77
64 78 97 37 3 93 43 23
61 61 45 6 33 54 86 88
42 25 62 17 10 65 16 57
99 10 30 78 64 80 50 80
32 28 87 10 88 77 41 22
78 12 67 44 65 10 94 39
55 60 35 40 98 95 55 9
2 84 71 31 43 36 29 38
47 4 70 52 3 53 21 91
55 52 76 7 15 81 12 56
12 72 64 86 37 47 19 10
62 25 38 35 34 43 93 52
1 44 13 29 2 52 66 43
92 98 88 22 81 97 31 37
57 54 40 65 57 15 34 6
58 46 90 2 50 88 14 6
80 98 20 8 29 66 97 21
63 50 45 15 8 75 54 74
63 92 74 41 15 1 71 24
33 4 97 25 42 70 85 57
43 46 100 24 4 92 92 48
1 64 89 31 78 23 28 65
24 94 70 18 93 65 77 29
83 79 21 15 97 11 66 48
19 38 55 74 23 3 31 1
99 51 55 85 15 65 87 37
63 44 30 40 9 18 30 8
84 90 26 60 62 100 36 52
37 60 95 35 88 46 59 5
48 96 95 40 25 93 31 100
74 81 81 30 61 21 18 79
30 30 12 21 91 52 88 37
73 32 76 10 60 58 84 57
92 14 22 3 52 43 21 26
86 7 28 39 96 23 47 30
11 26 74 36 15 1 36 55
29 19 72 97 41 13 93 71
10 18 82 54 66 100 7 53
49 12 32 31 95 18 71 70
96 27 85 60 44 12 52 61
30 77 54 78 76 95 96 52
23 19 53 92 71 19 77 10
48 34 8 91 97 27 46 23
64 14 3 32 88 20 31 49
57 19 16 44 79 90 91 93
24 50 60 13 46 83 28 76
42 34 59 50 35 7 13 30
42 32 11 57 5 98 75 24
90 7 7 37 94 9 61 93
42 14 26 11 95 75 69 51
28 6 24 50 5 82 100 88
76 61 66 22 73 40 4 85
87 71 99 15 68 29 91 10
15 58 44 100 43 80 43 67
27 1 56 18 56 4 59 8
27 91 92 30 86 81 97 50
86 49 79 52 58 71 8 30
5 71 69 65 39 16 77 7
99 85 26 78 9 33 13 98
89 40 81 68 84 31 50 86
31 57 58 52 56 87 55 61
26 9 41 39 95 78 59 68
83 20 49 75 96 46 44 74
33 88 35 90 91 43 63 84
19 76 18 96 51 88 78 61
100 41 34 2 43 23 32 32
57 66 38 41 27 71 94 96
82 37 15 31 94 2 55 46
82 78 72 7 99 82 49 80
44 25 22 3 26 67 21 73
29 12 80 68 83 43 97 25
96 100 33 46 41 35 98 100
82 59 56 50 34 51 3 35
72 4 79 16 99 11 85 84
48 32 38 19 31 87 37 7
2 7 57 69 59 56 77 41
41 13 43 43 91 43 14 6
31 32 100 12 75 96 87 29
46 60 80 58 66 28 23 84
30 48 43 7 7 27 83 97
90 20 84 10 66 92 82 58
55 21 44 58 78 76 95 24
96 2 31 6 77 23 99 30
90 28 99 44 45 46 20 22
44 66 72 40 91 67 53 85
49 17 11 42 28 22 6 38
7 62 50 22 39 18 75 8
59 54 62 86 35 63 41 9
6 86 32 88 39 36 62 89
96 94 31 27 57 49 99 22
32 94 31 12 31 30 80 53
8 49 13 21 61 20 13 29
90 26 37 93 52 68 2 70
90 81 91 22 40 66 1 62
9 87 36 56 75 58 42 87
43 87 7 5 76 13 4 3
73 42 47 17 97 50 15 51
89 11 80 84 53 54 95 58
22 67 40 68 1 14 96 47
72 51 31 75 80 83 92 86
69 13 73 20 46 34 11 26
3 91 55 42 66 67 39 26
92 27 13 76 45 81 15 50
5 23 92 91 11 27 2 86
36 84 70 51 75 4 13 29
97 4 47 49 44 57 19 26
92 82 21 28 60 95 63 73
72 93 20 92 74 43 72 5
93 36 48 65 98 76 23 34
24 30 73 55 91 30 18 19
78 48 56 25 58 57 77 66
64 95 7 88 83 87 33 4
77 74 16 70 18 17 13 75
84 99 86 7 2 18 21 38
62 51 83 74 78 59 72 85
8 69 62 72 38 69 30 94
19 46 42 96 8 87 49 94
2 58 48 76 54 84 37 100
92 49 24 74 78 49 72 50
58 47 96 56 22 61 47 51
40 87 49 85 15 14 28 11
41 74 22 7 16 48 47 26
70 93 53 18 49 9 66 32
15 61 32 35 21 42 80 57
82 85 26 15 85 87 50 25
28 57 98 93 81 36 81 100
90 5 33 26 58 64 88 61
74 85 36 72 75 57 19 65
56 72 66 38 23 78 9 32
16 7 33 73 29 59 14 44
100 84 59 3 17 18 22 61
90 90 76 18 50 9 56 94
20 44 37 54 68 84 13 74
63 89 29 62 9 17 93 24
91 32 40 18 69 7 34 11
77 34 11 38 34 73 30 37
77 100 68 4 98 2 24 10
41 31 25 97 55 21 88 75
12 14 3 10 9 86 25 24
22 70 91 85 62 35 82 10
4 13 62 86 61 22 29 13
67 48 19 15 15 45 59 56
5 31 16 23 24 34 17 65
35 87 97 79 62 54 46 12
100 19 41 1 24 46 32 94
61 88 14 50 15 8 64 29
70 35 44 59 59 90 50 76
18 64 97 26 30 56 58 16
65 37 9 22 57 37 72 46
26 11 90 62 45 69 79 60
56 46 26 58 9 6 21 43
54 63 33 51 25 43 94 90
98 8 39 86 36 86 65 18
59 81 99 84 65 58 45 50
69 19 75 10 36 36 35 78
33 33 24 62 94 34 32 30
23 65 91 15 68 8 76 10
80 95 89 96 44 28 49 86
15 14 7 81 10 39 87 27
96 53 5 40 17 33 40 32
43 25 53 60 53 66 5 99
90 28 46 29 18 26 17 20
62 9 97 72 76 16 66 7
100 90 82 47 84 10 85 81
14 6 1 66 53 12 13 81
52 8 67 89 78 2 41 71
28 22 49 98 43 62 88 62
16 82 20 68 88 23 71 64
42 68 96 72 5 59 60 45
2 13 60 5 79 31 28 56
93 71 3 100 4 57 48 50
51 55 45 71 53 53 2 15
18 83 91 25 44 76 74 72
76 100 57 6 71 65 74 41
40 55 66 67 78 67 7 55
87 54 85 95 75 69 67 76
59 23 78 25 60 10 46 54
71 44 68 19 68 14 67 19
18 51 54 2 70 79 90 15
55 7 25 63 2 18 54 93
90 82 49 94 76 29 45 42
24 20 48 98 25 40 3 17
28 54 81 96 72 60 20 87
27 9 89 21 27 39 84 29
43 17 87 71 53 96 62 19
24 98 96 71 52 91 43 17
40 23 54 40 70 41 76 28
37 37 53 97 11 99 76 1
83 12 80 31 17 59 82 96
37 68 71 13 51 49 84 17
27 66 3 52 94 21 68 8
27 79 75 92 34 63 30 55
60 74 63 24 14 77 70 33
70 85 45 53 72 5 61 4
32 45 33 35 78 2 48 41
12 1 56 91 64 78 43 46
83 49 80 52 91 62 95 88
49 46 69 93 100 67 65 59
56 1 1 59 55 49 38 45
81 33 22 1 58 89 44 63
21 64 79 55 96 50 71 88
27 90 71 60 68 80 1 85
69 13 21 68 72 70 85 30
11 74 34 12 80 81 52 63
30 97 19 36 11 97 24 26
17 15 79 81 87 79 55 63
51 77 87 8 33 23 42 3
15 38 21 90 55 36 72 41
4 63 19 1 3 99 87 81
49 33 64 83 11 70 97 23
53 12 30 85 65 53 76 5
10 3 40 81 37 31 96 19
50 38 15 27 5 38 15 70
52 42 12 22 20 27 6 56
88 84 91 50 6 47 94 69
11 8 58 56 9 45 49 59
89 98 56 62 19 52 32 16
58 23 22 23 31 21 15 36
43 70 28 100 29 18 3 5
54 58 59 71 6 2 45 11
83 85 13 37 45 31 99 44
42 62 26 68 31 68 90 75
17 28 40 10 75 10 87 13
38 60 83 53 59 34 75 72
84 4 27 12 35 34 1 8
68 3 35 85 42 13 27 3
83 11 21 94 28 38 16 9
94 88 81 16 74 70 21 77
11 35 66 47 72 40 72 31
83 21 10 79 1 25 78 68
81 90 38 82 97 36 74 95
81 64 99 95 24 51 90 21
52 79 18 94 76 15 36 85
15 15 59 84 73 24 97 68
28 10 30 27 41 50 14 33
5 72 86 11 75 67 80 92
85 23 8 15 29 8 72 80
9 37 57 30 88 38 18 100
56 74 39 37 7 37 42 64
65 96 30 58 34 24 60 42
38 33 34 29 33 70 13 92
84 41 94 52 96 74 52 42
76 42 64 31 96 5 19 36
22 75 16 15 18 33 88 75
55 74 37 77 87 4 57 8
14 51 44 8 58 23 12 54
68 65 33 22 54 67 95 66
90 95 7 85 56 22 45 64
2 46 84 18 89 28 17 96
38 65 65 35 52 85 64 6
93 39 9 20 92 23 60 23
63 97 58 55 12 74 99 90
95 58 90 47 70 79 83 4
88 77 13 20 11 21 96 34
29 81 16 67 22 74 28 41
52 13 43 88 27 97 87 12
43 16 54 41 45 26 19 82
48 24 97 1 81 29 26 14
41 40 95 91 30 46 44 48
60 29 19 29 98 8 34 52
34 42 25 25 90 19 81 31
38 60 44 95 9 49 16 70
61 23 74 87 62 55 9 31
74 68 8 50 73 48 82 14
27 15 90 67 50 60 57 67
18 57 97 41 50 84 31 98
9 49 80 26 43 87 40 16
86 5 5 8 75 23 58 26
84 41 92 96 67 98 38 29
21 25 37 85 4 59 8 21
25 31 58 84 19 7 52 81
36 99 13 34 48 66 58 2
17 41 69 50 31 45 10 93
12 63 27 72 79 88 53 67
38 81 28 98 21 91 56 88
84 58 100 42 31 28 59 34
66 75 19 37 64 29 73 22
70 32 87 73 69 86 73 75
50 38 62 50 59 83 100 44
1 19 85 76 54 91 56 12
100 74 88 38 19 60 82 37
90 52 87 39 72 88 19 16
52 23 86 71 40 80 14 83
93 66 43 60 65 8 26 57
42 19 86 17 12 23 16 14
21 29 67 70 21 4 61 55
60 19 5 73 2 41 100 80
42 64 44 97 72 66 9 93
18 25 29 72 76 4 74 8
24 100 89 21 45 97 91 24
83 79 61 4 91 14 31 81
79 15 6 74 22 76 26 36
