200 7 2
100 100
84 59 61 73 88 100 9
30 25 15 20 14 86 39
96 14 4 36 37 27 3
58 8 25 51 38 44 42
81 6 86 51 5 6 98
91 76 42 39 16 4 55
59 41 7 22 58 78 78
19 25 80 92 1 93 12
30 10 51 2 85 28 70
66 37 55 46 84 38 36
14 96 91 85 30 72 51
30 93 82 66 37 81 8
70 31 29 7 88 5 13
65 61 36 17 47 29 37
65 77 62 96 53 88 70
69 92 71 93 24 72 93
91 46 85 51 77 80 29
61 87 64 57 86 1 6
97 66 13 41 87 95 17
97 45 70 24 100 99 40
69 35 25 29 43 9 5
64 94 24 90 55 79 32
71 47 19 100 14 5 85
72 55 45 80 7 85 86
22 7 37 52 11 59 94
25 70 66 50 7 82 36
47 28 99 84 62 5 2
72 64 23 99 26 86 17
91 42 41 77 20 93 3
18 2 64 100 20 89 23
42 60 53 50 51 16 83
65 37 66 78 90 20 66
92 98 57 19 27 53 48
43 93 93 91 65 64 30
48 72 21 67 18 69 53
55 74 25 10 70 8 86
15 85 45 90 37 5 23
28 8 24 23 21 92 59
16 55 65 9 42 96 56
8 59 13 81 15 38 28
71 35 31 89 38 30 25
12 13 40 53 69 23 9
6 98 21 65 60 15 52
17 38 30 39 45 37 93
27 14 69 82 62 60 54
22 81 36 29 87 6 55
91 26 80 88 29 41 48
51 38 3 10 44 14 24
80 56 93 53 39 22 76
78 1 58 7 24 51 79
94 12 35 58 50 63 88
45 3 53 28 72 95 89
46 90 72 53 90 13 37
19 12 90 53 5 74 26
4 26 32 51 39 49 97
45 19 86 56 79 39 61
66 89 22 69 98 30 55
55 49 24 75 70 1 72
11 53 99 42 80 73 100
34 95 82 47 52 7 19
21 33 88 20 95 78 9
4 68 3 97 99 84 98
57 28 64 62 32 25 22
86 41 77 72 97 69 86
91 35 2 9 3 47 5
47 79 61 3 72 80 19
99 72 90 35 57 73 24
70 46 92 35 89 53 85
76 28 27 35 17 68 62
59 78 46 44 80 46 68
14 64 68 2 21 90 57
46 72 90 64 11 34 54
16 1 47 81 51 80 7
27 38 79 28 77 85 41
74 59 44 22 26 88 77
53 10 45 41 86 45 35
34 26 61 43 3 94 48
9 61 44 50 35 71 97
62 62 49 65 19 34 19
47 46 11 4 30 44 60
45 26 22 24 98 25 28
37 79 80 37 21 48 53
64 83 35 33 10 4 38
23 25 1 26 4 73 14
52 71 6 86 33 44 22
55 97 58 48 11 98 57
30 50 100 6 8 49 73
81 91 17 36 80 51 55
52 48 92 81 18 24 84
11 66 35 41 46 35 5
57 4 23 83 85 9 46
17 3 92 4 50 8 93
50 63 88 77 77 15 94
11 97 13 89 1 66 57
78 5 1 98 35 16 95
75 37 16 81 91 65 1
98 14 93 79 34 94 98
41 53 30 21 53 18 24
9 65 99 96 84 23 3
62 66 26 28 25 52 41
9 24 68 77 71 91 63
86 41 46 79 45 9 43
34 64 2 19 74 41 88
53 40 87 36 90 14 42
26 54 11 78 15 27 26
27 15 47 10 15 4 25
62 71 83 86 8 3 49
72 62 16 54 64 56 28
70 27 29 65 23 78 15
49 63 80 7 97 43 24
19 17 36 76 23 68 77
59 56 32 40 33 15 58
73 41 97 82 67 98 73
93 58 9 20 19 13 100
67 22 65 91 1 65 57
12 26 56 36 41 67 61
79 17 90 86 63 32 37
90 19 47 77 31 60 74
93 54 73 50 9 1 86
27 59 68 48 75 87 67
55 21 80 1 42 11 32
56 98 19 31 8 15 7
19 45 72 66 93 88 64
54 68 1 34 18 74 91
28 13 70 93 11 61 75
59 71 18 70 76 45 29
17 52 29 95 27 28 93
10 79 22 22 58 23 82
4 92 24 19 56 89 2
76 15 76 99 39 75 17
43 46 24 75 43 67 36
27 10 99 43 66 43 52
13 95 33 47 37 67 15
29 57 13 12 14 95 49
3 88 67 49 43 21 94
25 16 18 52 68 9 18
59 48 65 12 86 92 93
25 16 30 50 3 78 93
99 93 2 62 16 48 21
32 92 99 69 88 80 5
99 95 80 35 13 70 96
51 39 94 24 66 94 43
14 47 62 25 26 47 38
56 40 49 58 97 36 39
52 35 17 10 92 93 96
62 53 21 69 32 17 10
81 70 37 70 90 58 54
90 30 37 16 16 68 17
55 53 72 96 94 35 69
61 59 77 73 64 73 59
22 52 34 92 88 38 6
27 94 93 25 93 73 63
36 79 29 8 72 71 91
89 88 23 94 23 78 29
29 83 7 35 67 94 17
35 99 53 51 65 43 81
25 15 100 94 91 70 56
74 22 99 57 86 73 91
38 20 43 74 61 82 42
39 61 99 79 1 83 75
37 71 39 49 62 96 34
30 1 63 85 45 44 100
98 21 77 2 38 72 52
70 49 14 69 71 20 65
16 68 34 70 94 96 86
81 5 41 93 78 67 61
71 42 19 13 33 34 76
33 48 67 25 26 84 22
42 43 48 68 26 7 8
67 90 8 24 90 8 51
31 68 49 10 33 12 98
41 17 32 79 39 87 50
39 49 23 52 80 92 98
17 56 82 81 24 30 72
96 31 65 79 3 80 75
30 24 90 66 65 18 80
45 45 20 42 99 10 68
8 78 35 49 20 72 75
33 41 83 51 38 27 89
15 59 2 70 76 27 84
24 78 10 15 14 60 54
81 25 40 71 12 53 39
16 87 60 34 63 79 29
36 85 24 11 84 58 19
11 24 73 87 93 53 98
85 73 18 65 89 67 47
60 9 14 15 82 54 40
50 21 13 33 97 18 69
7 88 13 13 9 79 85
12 56 27 67 15 42 47
53 69 42 61 96 79 50
43 54 26 18 59 69 13
45 65 22 21 56 54 53
2 14 6 52 55 10 13
51 92 83 56 10 14 7
4 51 90 54 18 47 59
55 62 64 40 27 31 76
72 11 20 18 93 46 97
16 77 53 39 35 83 41
50 29 56 40 80 12 62
