150 7 4
37 37 37 37
19 84 38 75 46 59 86
67 5 1 96 23 8 20
61 48 25 80 46 50 64
81 32 43 63 95 67 92
66 64 36 98 2 41 84
28 70 6 40 35 63 92
80 81 82 14 48 72 2
80 96 12 6 66 17 86
69 95 89 63 17 84 73
66 55 81 33 87 5 60
28 24 99 86 84 58 66
12 26 55 38 68 41 67
32 77 69 65 2 1 86
20 67 97 7 22 92 97
72 27 72 45 89 85 8
56 99 23 77 84 13 9
3 20 94 63 8 76 13
51 73 62 82 3 66 71
82 20 27 72 31 26 46
42 15 30 83 94 79 3
84 64 12 61 90 33 100
87 29 30 94 47 69 52
62 72 43 57 2 25 24
4 75 84 6 43 96 30
73 77 40 66 71 55 69
10 82 64 47 91 83 73
39 100 23 57 79 3 82
17 94 88 82 46 21 71
26 22 91 44 69 79 85
21 21 58 42 5 41 84
95 56 52 95 40 40 15
90 97 95 22 58 1 34
32 84 83 100 72 37 25
64 18 90 51 48 35 30
9 54 28 64 28 75 24
49 61 42 89 33 47 21
82 3 94 87 73 24 40
23 44 46 11 94 52 70
86 48 67 59 96 56 41
79 40 63 45 90 72 15
8 96 18 83 18 84 14
8 20 19 26 52 26 66
94 50 55 30 49 27 88
73 25 54 83 43 38 92
85 36 13 11 20 10 68
14 89 56 35 69 87 11
52 8 71 37 24 82 41
25 31 95 75 67 95 19
54 70 72 50 32 52 67
66 60 42 59 82 66 42
56 43 89 3 47 90 8
26 50 26 70 89 5 92
23 59 84 57 68 50 91
25 14 61 80 61 72 29
21 41 55 1 15 23 72
52 26 77 74 48 44 80
82 82 3 49 85 70 75
36 91 63 24 13 41 84
87 11 56 48 37 91 47
17 30 71 67 92 83 44
71 19 45 4 56 69 15
58 36 27 10 50 13 9
87 57 77 96 74 76 40
100 57 69 95 19 61 78
68 79 11 15 47 21 33
43 95 17 8 81 57 97
66 90 33 67 9 1 33
16 62 99 81 28 32 66
15 22 2 67 37 61 42
28 6 10 21 78 37 29
82 75 55 36 59 62 83
76 93 81 88 14 14 68
84 57 78 69 12 96 96
5 32 72 18 39 38 32
79 3 92 91 42 46 95
73 69 8 63 48 92 27
31 52 68 7 51 52 61
24 29 56 78 50 63 56
83 40 76 77 80 23 98
48 96 28 68 14 97 69
9 92 20 3 35 40 98
84 54 15 13 28 26 79
31 21 68 7 99 5 80
50 71 79 12 9 79 84
77 71 37 63 89 83 75
64 47 26 99 51 36 92
63 44 76 49 85 89 21
44 92 67 39 68 70 99
15 69 6 40 50 15 83
94 14 33 2 41 12 5
91 7 26 18 2 44 99
24 30 96 55 7 19 8
13 88 82 74 49 68 42
29 81 62 51 79 81 12
68 52 12 56 56 83 93
77 70 72 4 25 50 1
24 73 62 87 78 50 55
57 78 58 4 77 92 69
39 11 41 67 73 33 43
100 94 59 20 95 67 37
70 57 96 47 74 4 42
84 18 55 42 86 75 14
84 5 19 73 98 34 89
92 73 100 2 92 12 97
93 49 90 24 46 48 72
58 53 17 68 74 28 63
2 38 26 54 100 53 29
38 36 52 82 3 44 34
13 27 28 5 36 12 94
44 77 20 50 52 36 82
1 20 44 13 19 2 73
94 67 36 57 39 49 61
79 49 58 89 67 76 3
29 48 13 83 88 52 77
8 90 83 36 48 100 6
76 50 79 68 24 1 25
69 67 68 4 8 47 87
27 94 52 7 57 80 26
13 29 85 27 1 43 14
36 83 50 34 26 95 8
64 8 39 45 50 54 40
53 57 35 38 76 59 91
96 66 37 89 39 28 13
20 44 87 15 23 83 37
39 38 95 15 18 14 90
6 18 36 30 16 92 57
5 18 77 64 24 75 91
37 70 82 20 19 33 18
65 24 4 59 53 14 50
89 33 62 10 56 64 25
47 67 98 73 51 95 61
14 73 42 39 71 58 86
92 87 80 1 96 64 69
63 89 30 67 82 15 5
2 61 13 18 97 2 43
90 14 46 93 18 19 71
69 43 10 25 91 13 80
37 64 20 87 93 20 8
31 34 60 25 36 4 11
25 63 23 74 19 37 64
15 71 8 48 60 73 26
88 54 43 1 53 57 85
99 62 86 19 3 22 62
64 4 15 44 27 3 42
29 61 24 82 50 98 67
11 4 89 56 11 21 58
100 29 26 68 42 51 30
2 38 36 48 75 90 27
72 49 81 12 82 11 18
84 47 89 41 30 57 88
