150 6 2
75 75
79 72 78 59 85 40
71 3 77 57 74 92
33 37 52 12 50 13
18 14 95 50 67 84
39 99 89 62 95 87
74 56 18 43 85 22
35 89 26 65 46 100
9 18 43 8 68 56
85 66 95 30 49 92
58 80 30 75 60 45
70 79 35 46 44 18
27 14 80 83 91 69
77 61 79 73 5 34
98 18 29 39 21 36
51 93 11 61 79 65
70 88 64 67 54 64
86 92 2 21 89 72
37 87 40 87 13 92
58 50 90 83 19 21
87 8 39 16 93 91
76 98 77 56 20 93
29 92 63 53 26 28
12 78 27 57 72 2
100 28 90 17 29 100
35 30 17 44 19 11
21 37 34 38 63 28
15 73 14 90 100 100
62 21 52 86 47 5
96 81 27 1 12 71
70 62 28 33 100 67
40 34 14 99 24 73
79 60 44 59 60 85
64 90 71 97 56 76
64 97 70 53 31 77
57 5 6 9 76 16
65 64 2 72 58 77
32 26 24 75 33 34
97 87 33 1 97 19
37 60 9 11 56 22
93 66 3 68 56 59
54 52 70 40 89 8
4 50 45 95 37 79
76 23 35 36 84 33
64 82 11 60 81 34
16 19 44 51 27 99
74 62 44 19 14 3
18 2 84 94 57 15
25 97 100 38 84 64
9 21 10 8 69 6
81 87 36 79 1 41
74 73 93 82 58 23
85 70 28 6 59 14
6 43 4 39 44 41
14 91 54 83 37 68
72 51 72 74 68 36
26 46 60 87 85 98
92 57 24 1 79 90
84 5 28 75 80 88
80 35 22 39 84 84
96 26 63 26 54 55
5 56 14 76 93 55
49 38 4 86 13 58
86 10 11 41 45 80
39 17 43 82 39 78
73 36 85 10 16 6
79 43 76 78 1 75
25 44 29 30 13 46
99 86 71 87 98 82
72 64 74 25 94 39
53 91 22 12 79 10
99 10 79 30 65 95
99 63 27 22 45 85
32 83 27 21 48 19
63 13 52 58 34 2
12 31 60 67 91 92
88 93 72 24 21 36
61 54 60 23 85 38
63 99 16 4 13 25
27 14 46 5 11 28
93 19 97 34 41 18
74 31 33 54 2 43
94 78 25 78 55 92
27 27 80 84 41 60
33 41 43 50 12 100
45 17 48 41 17 95
63 21 82 53 48 81
7 50 16 74 92 19
89 98 70 34 37 25
7 54 40 78 13 60
61 20 30 5 47 67
59 71 2 85 59 70
13 55 22 5 59 62
84 30 37 4 97 71
62 55 64 68 4 20
15 42 81 7 50 96
29 95 25 99 100 45
23 28 7 69 97 75
15 53 64 70 100 87
56 93 25 64 65 25
80 53 98 91 11 84
62 32 4 8 39 80
32 78 34 70 84 72
9 76 73 100 3 23
93 42 82 3 35 27
46 67 1 32 6 61
43 35 77 28 46 92
85 99 16 46 77 37
83 41 10 45 29 100
77 54 55 5 47 79
48 57 22 61 89 57
38 47 33 24 65 41
16 74 69 64 32 61
82 82 49 75 92 39
14 17 89 79 83 7
36 26 7 90 22 31
5 81 29 99 52 26
98 49 14 83 4 75
77 80 63 14 94 19
81 56 55 26 14 68
94 52 47 59 7 85
38 16 6 47 52 50
55 90 99 69 46 43
25 10 39 22 83 71
73 3 58 82 56 95
71 71 10 13 10 99
80 56 99 49 44 44
52 82 72 23 30 95
25 88 24 43 99 9
42 9 88 17 95 63
6 77 19 66 67 64
43 9 10 23 82 65
79 89 100 4 31 4
2 58 94 95 12 85
56 34 95 23 17 9
30 3 7 34 78 32
51 31 22 41 73 100
29 30 22 36 72 68
1 18 6 13 74 56
5 51 76 53 90 90
70 97 57 83 38 89
75 56 59 67 83 17
99 92 10 100 100 8
59 100 63 17 73 57
33 61 38 46 73 2
34 42 63 22 44 12
31 96 15 51 83 54
41 32 58 26 90 3
47 54 94 57 3 9
58 58 90 15 98 87
5 42 80 52 30 16
