40 10 4
10 10 10 10
78 58 17 86 93 57 57 25 84 55
60 85 91 63 32 41 90 3 58 52
1 68 59 42 28 30 98 55 39 91
78 77 84 67 56 83 97 5 86 59
49 95 54 35 13 95 91 58 29 43
72 42 44 65 94 86 22 4 76 22
71 86 89 83 78 74 48 51 66 95
55 10 11 10 35 80 88 65 83 84
35 74 38 60 3 7 74 25 19 24
8 33 43 97 82 99 8 45 37 97
44 14 1 62 45 29 48 75 23 36
20 60 81 78 24 32 2 49 86 36
85 64 26 15 78 44 54 31 60 63
1 21 82 12 25 98 43 71 73 18
5 75 77 62 50 58 59 64 73 95
58 99 81 13 77 4 82 60 2 100
4 88 18 45 47 36 56 60 79 51
95 33 19 38 67 11 96 99 14 85
74 51 47 65 36 98 12 45 73 2
8 64 74 35 55 74 48 91 51 38
85 21 9 91 76 89 47 18 34 72
9 20 30 90 40 61 42 36 94 17
24 77 57 77 71 80 86 76 95 23
12 74 68 34 32 43 82 39 39 50
57 44 35 84 5 57 89 9 76 10
36 87 45 93 72 70 90 96 35 94
78 26 30 6 37 26 60 90 22 12
82 25 75 27 13 4 91 84 68 75
44 67 58 85 74 37 78 51 72 2
41 74 72 84 56 25 65 35 36 68
71 37 9 26 78 46 72 61 29 42
53 44 56 43 76 7 7 82 91 37
80 50 49 26 69 23 97 59 71 35
50 63 33 61 48 45 31 32 52 64
52 9 34 20 20 14 8 40 47 12
32 13 5 29 26 7 33 98 32 89
31 98 59 51 1 95 47 49 82 40
36 46 49 71 42 44 61 73 14 15
74 77 62 3 92 98 8 28 80 3
58 82 9 85 37 63 46 71 24 75
