80 7 2
40 40
29 55 7 55 82 42 28
25 55 31 23 23 39 62
30 75 67 87 64 33 37
85 21 21 65 14 27 52
23 92 48 68 65 84 87
42 41 48 99 38 11 99
97 13 17 33 98 44 50
50 64 16 35 23 11 12
23 38 15 53 75 84 37
100 82 8 3 41 21 47
100 8 21 80 31 26 69
42 71 57 95 79 82 64
87 33 95 75 64 98 80
3 96 75 74 41 74 52
42 28 97 84 66 53 72
4 66 56 49 97 80 32
19 70 81 100 68 50 78
78 45 30 66 35 21 18
19 34 50 9 83 28 8
77 8 32 62 6 7 22
82 3 27 18 97 72 46
89 41 97 67 90 80 89
59 83 80 9 89 88 28
70 54 65 1 9 76 19
100 5 95 81 19 19 63
19 67 25 46 7 7 99
50 67 52 34 71 3 63
62 37 18 49 60 18 34
3 56 40 7 29 7 84
46 12 35 69 55 63 13
36 18 92 21 83 71 50
50 33 11 9 100 55 21
27 22 75 100 19 36 3
35 74 35 64 54 18 86
81 49 66 55 70 93 59
30 24 4 32 84 25 53
25 74 5 69 11 4 95
22 50 89 37 38 21 77
95 34 24 77 25 27 92
12 50 42 34 84 73 79
10 13 27 97 18 7 72
30 79 85 79 100 40 70
38 24 11 71 70 19 2
42 88 59 90 20 94 75
72 43 48 100 62 33 94
48 69 65 41 12 60 24
36 52 48 78 20 77 69
1 5 74 87 23 8 10
77 52 31 89 37 8 81
86 69 77 57 93 15 45
6 34 72 29 94 8 46
5 17 81 49 33 52 49
76 81 90 28 90 99 21
79 12 83 43 2 79 53
47 68 70 1 93 25 96
54 31 36 37 13 22 76
11 62 37 63 57 22 45
49 73 85 98 75 31 61
91 28 89 14 50 47 63
83 19 37 61 22 30 91
1 31 48 30 20 92 23
3 65 57 64 32 76 95
41 99 40 39 39 48 63
44 80 64 100 8 68 98
70 74 66 87 70 83 11
43 71 41 99 58 52 82
2 13 86 40 70 57 79
54 59 60 62 75 80 53
58 52 97 77 38 35 6
97 20 36 42 73 35 67
94 74 97 85 99 95 89
38 61 45 92 48 99 20
13 29 47 15 99 72 61
83 63 18 49 77 95 77
22 90 38 24 14 29 30
76 16 47 43 24 96 88
60 53 36 4 89 84 88
10 7 46 75 82 15 42
77 10 51 11 40 48 56
35 6 46 82 45 11 45
