100 7 2
50 50
59 65 11 55 85 31 97
51 28 14 26 85 74 96
60 67 97 83 84 48 48
22 12 17 97 59 1 80
85 67 46 34 85 64 37
55 28 47 28 8 24 87
78 81 45 29 56 56 50
64 6 18 39 57 4 31
74 31 40 8 86 36 37
99 89 66 63 86 52 99
49 31 57 88 6 4 16
54 73 93 17 86 33 76
9 78 52 20 26 93 49
47 35 97 80 18 27 30
33 35 49 85 46 28 12
74 59 89 93 57 48 36
12 52 72 74 20 43 49
31 47 30 5 79 62 76
97 23 100 71 83 97 14
16 38 96 20 89 35 26
47 6 82 41 48 89 9
2 70 33 6 100 30 3
71 44 100 17 10 16 61
57 20 87 14 84 50 72
71 7 58 29 90 82 16
59 56 54 95 14 66 27
40 8 1 17 88 29 66
21 36 82 56 14 21 87
76 60 20 3 61 4 91
37 73 22 49 66 35 59
64 87 32 14 91 64 68
96 98 79 71 9 13 25
82 79 58 15 1 7 27
37 57 58 66 33 2 100
69 14 28 27 65 99 34
19 68 14 5 1 86 32
55 6 44 38 78 56 50
10 6 27 48 51 93 70
40 2 87 22 15 6 21
68 30 33 29 63 8 72
59 60 52 83 41 57 75
86 34 12 39 56 87 30
33 87 86 9 79 93 15
57 61 1 66 85 62 8
50 42 74 81 78 26 4
64 27 65 87 26 26 90
90 21 11 26 9 30 78
86 64 26 41 81 29 36
34 97 45 34 1 37 69
91 67 65 78 62 84 51
23 41 85 53 19 25 28
47 13 2 7 49 21 12
16 57 19 82 82 99 88
90 89 41 75 72 69 66
84 50 100 42 34 9 74
45 41 34 13 87 43 78
99 7 85 2 27 31 75
19 60 36 82 30 74 17
24 44 72 70 74 49 32
87 53 86 7 86 47 74
32 75 37 36 85 78 75
61 71 62 67 37 31 6
94 13 49 81 88 36 37
35 35 18 91 90 89 27
86 87 7 75 30 64 78
28 45 56 2 67 53 67
2 63 23 90 76 60 40
5 93 68 54 20 13 59
53 75 55 22 57 87 91
40 46 54 23 70 76 13
7 31 2 98 60 15 100
5 7 27 34 52 65 61
25 90 54 57 91 74 12
56 3 24 26 34 53 34
56 67 84 19 10 51 22
45 52 72 64 81 54 16
32 30 91 66 66 55 77
40 31 39 45 8 50 22
67 4 24 51 68 59 5
89 100 82 63 55 8 85
77 65 60 5 27 74 16
26 42 28 64 64 44 78
55 55 10 9 100 17 23
5 59 88 44 55 34 36
12 89 86 97 15 51 60
97 4 52 56 56 17 10
83 27 43 19 90 18 38
56 66 36 15 66 72 94
47 62 76 3 22 91 5
96 35 29 17 6 71 97
40 54 40 97 34 1 27
1 84 23 22 42 17 2
11 19 41 39 91 93 52
4 51 94 12 93 82 66
86 57 9 63 78 31 46
18 12 96 35 79 38 91
93 50 85 58 31 31 73
48 2 13 30 60 39 38
59 23 8 11 5 22 50
6 51 69 91 93 10 46
