80 10 4
20 20 20 20
46 17 84 70 68 44 22 58 3 100
64 10 67 14 94 100 8 33 71 55
27 95 85 2 82 81 4 73 49 28
67 10 1 80 89 2 36 43 66 7
100 4 66 12 85 86 25 8 76 12
65 76 72 44 21 85 86 95 7 57
37 13 1 51 52 49 16 63 2 52
24 77 29 47 53 31 87 90 36 98
16 95 85 44 99 7 1 39 79 81
52 92 15 95 74 77 48 63 13 28
88 52 95 100 97 49 66 77 30 1
19 53 9 65 78 10 73 10 29 55
100 19 74 80 2 59 100 54 47 3
65 87 97 93 93 33 45 92 21 23
60 39 8 96 81 29 9 98 81 85
30 95 14 10 65 71 90 59 38 65
90 8 61 20 95 36 59 7 34 93
81 31 92 70 100 99 88 44 35 89
15 38 78 50 3 63 59 1 45 29
36 25 1 18 79 84 8 22 14 97
48 4 55 1 24 31 8 4 28 77
14 24 95 22 53 29 88 4 43 54
29 23 90 20 12 44 9 37 55 70
16 21 31 35 16 48 68 82 31 82
82 78 24 37 4 52 17 65 74 15
88 50 47 78 28 73 18 54 84 78
5 98 61 61 41 4 47 100 15 87
57 7 77 91 22 11 62 33 29 50
17 91 8 57 20 5 26 36 49 99
53 20 49 64 99 11 31 8 16 25
16 7 85 62 73 80 19 60 11 22
64 97 22 31 47 29 82 1 46 4
74 46 64 79 9 43 75 45 60 21
66 78 95 34 75 65 76 85 81 35
36 7 79 19 57 43 81 69 6 91
91 58 23 52 85 97 68 15 98 22
22 21 45 82 83 42 24 26 79 2
60 53 3 19 86 46 7 85 61 16
48 89 98 29 40 52 38 85 19 93
36 98 5 38 41 20 80 59 62 20
23 87 44 59 27 62 62 52 34 25
61 57 21 90 48 88 62 82 71 88
47 62 32 81 71 24 64 67 38 73
79 94 87 86 33 1 66 70 78 19
77 26 70 67 93 81 2 66 13 14
39 85 33 53 49 99 66 53 34 39
71 57 73 95 100 92 46 41 33 93
53 22 70 56 99 68 11 85 63 88
36 28 29 4 85 36 35 99 49 49
8 62 94 22 25 20 81 21 43 83
40 6 39 34 88 27 11 19 44 19
66 44 40 3 92 65 87 45 18 67
51 27 23 81 78 91 97 99 99 19
84 32 64 34 21 64 15 55 83 31
65 87 82 78 79 35 11 52 82 18
25 75 58 72 67 80 41 4 59 94
65 92 99 75 41 20 52 18 38 44
91 97 36 96 66 4 50 78 90 6
74 70 24 55 15 37 77 30 51 40
36 30 46 59 96 85 76 2 7 79
70 98 13 63 44 89 7 45 21 13
73 41 59 87 91 95 63 64 60 71
70 76 83 48 99 34 85 54 93 21
62 19 91 61 68 11 38 16 24 3
81 38 77 92 77 50 5 61 89 35
37 6 7 56 84 80 38 30 34 51
93 56 3 33 20 70 75 71 8 18
74 45 16 87 62 80 92 75 65 42
16 42 16 28 6 96 77 57 20 89
44 100 54 81 52 100 8 50 31 62
81 43 88 20 8 72 20 9 95 90
33 25 4 92 89 71 58 11 3 34
61 33 50 88 40 47 29 64 59 18
26 53 45 86 34 2 66 50 89 84
36 24 2 92 87 23 52 86 32 68
79 43 73 52 52 98 46 93 25 48
74 23 73 49 92 53 6 54 70 15
93 53 73 29 91 39 25 60 50 35
39 59 100 75 26 1 66 62 66 74
13 84 19 4 68 4 97 49 30 17
