40 8 2
20 20
70 21 35 20 49 100 17 86
35 4 17 33 96 44 20 58
75 26 74 3 72 33 80 46
55 93 97 34 25 46 24 93
81 69 63 67 65 49 77 2
96 67 6 16 36 100 95 35
54 19 20 50 31 94 90 64
11 27 39 89 83 58 47 75
50 85 13 46 83 11 29 54
29 5 79 46 91 30 16 2
27 18 98 78 72 95 23 52
9 16 14 79 58 6 2 96
51 44 39 59 3 88 15 37
99 81 84 99 4 37 34 30
33 65 85 93 4 62 12 72
74 35 92 21 80 36 19 56
60 6 29 55 1 51 48 98
68 4 32 56 8 48 25 7
61 23 24 6 35 66 94 57
85 74 93 67 96 27 40 70
59 51 78 96 87 54 84 31
11 21 73 25 83 88 68 87
66 24 7 100 46 51 94 13
96 39 71 38 48 71 7 23
64 33 77 40 87 70 23 86
49 29 94 79 57 70 50 59
18 44 84 37 87 84 39 44
88 80 31 77 74 81 81 55
87 70 40 55 54 53 26 12
15 19 50 23 9 15 91 39
64 96 92 75 97 31 89 10
42 47 65 27 34 24 84 66
11 52 42 53 100 28 67 19
38 43 13 92 21 96 5 97
24 53 12 18 49 53 100 94
38 65 15 40 66 70 63 53
96 74 94 50 55 2 4 69
57 2 44 60 32 7 72 95
8 98 55 93 28 37 6 13
80 37 66 3 63 84 85 65
