400 6 4
100 100 100 100
43 95 76 14 51 59
93 30 55 21 6 69
12 95 53 68 6 8
89 41 83 2 93 89
36 64 25 18 83 68
47 31 4 64 14 20
100 13 94 41 42 67
28 39 27 10 26 6
29 67 49 83 8 77
34 34 96 100 13 39
15 47 6 94 57 31
42 12 87 87 1 87
44 83 73 89 96 24
34 13 96 20 4 47
9 93 98 65 10 59
17 5 79 18 9 51
67 86 54 67 82 85
36 30 97 10 48 34
63 88 66 24 36 65
40 75 83 33 14 19
83 56 37 67 71 36
68 91 80 95 81 65
14 64 44 2 57 90
49 53 52 98 71 67
16 77 88 90 50 1
58 70 55 96 70 48
76 48 89 96 49 64
9 6 4 30 57 99
35 100 83 58 100 43
35 20 87 91 50 29
93 35 42 40 48 10
45 25 23 59 61 9
83 31 18 56 15 59
91 100 54 91 16 98
18 87 75 87 37 3
49 3 25 34 16 31
32 18 84 50 52 15
63 21 25 86 48 12
32 39 62 20 30 70
44 84 76 66 71 2
89 3 13 72 82 22
96 87 20 9 80 79
13 24 8 91 53 8
86 2 69 48 29 77
80 91 88 34 11 18
7 58 6 31 71 57
35 25 26 75 90 61
11 41 92 92 100 84
3 39 85 97 94 41
61 94 54 85 15 58
68 33 52 58 37 52
83 69 39 84 52 100
28 68 71 21 55 86
19 35 25 70 2 60
85 75 35 14 90 3
85 47 52 28 55 94
74 63 93 63 89 84
31 35 99 8 30 76
21 25 41 46 52 63
63 11 7 55 46 53
3 94 23 6 22 52
72 53 44 25 5 25
24 15 61 80 40 25
15 70 62 95 64 95
8 91 50 26 22 100
59 69 82 2 14 1
94 12 14 42 22 16
88 72 32 52 38 51
78 42 23 40 25 85
80 80 29 5 23 49
9 43 70 61 31 86
23 35 81 22 22 41
68 9 99 89 98 66
34 85 80 95 52 79
78 55 54 84 14 28
53 43 25 51 2 89
20 76 44 45 51 83
64 83 91 79 40 81
71 55 1 77 19 98
59 53 86 21 39 67
5 70 90 52 81 68
23 22 73 39 70 34
13 82 63 59 40 34
32 58 51 100 10 37
66 23 46 35 4 73
16 80 84 74 53 1
48 85 90 9 67 83
89 13 27 21 46 41
12 66 22 38 10 54
95 78 18 17 67 70
6 11 48 6 100 77
46 10 82 39 14 78
74 76 3 81 39 65
13 40 95 34 3 79
29 43 43 22 33 35
61 62 26 14 75 26
19 11 94 40 83 31
58 55 10 100 80 26
43 24 43 79 29 68
74 39 70 2 94 38
5 1 14 86 36 21
21 11 4 10 11 64
71 71 48 15 20 18
19 45 62 51 15 5
96 97 14 52 63 35
75 99 59 93 39 27
42 54 31 36 8 63
91 56 91 50 22 48
87 78 49 99 65 69
57 6 31 5 83 37
24 94 52 64 69 60
88 40 5 51 36 21
9 72 20 14 40 35
99 64 62 34 51 87
94 23 22 75 64 15
54 32 97 89 16 94
100 49 81 40 93 34
35 96 53 51 18 100
26 87 64 8 20 96
3 43 31 57 86 80
79 84 59 43 19 21
81 83 85 74 71 14
47 94 12 94 35 38
1 15 39 11 96 9
47 100 51 65 83 15
74 71 7 43 74 35
14 40 22 14 11 96
21 59 88 9 69 66
100 42 77 86 64 21
3 55 40 12 5 64
85 70 5 9 35 45
14 30 9 26 26 50
47 38 19 42 30 84
89 19 62 7 54 88
5 41 95 84 45 46
61 37 44 70 73 16
47 49 67 41 71 98
74 40 80 20 7 92
36 9 23 87 66 6
84 88 36 21 77 13
12 18 49 71 95 23
40 57 87 21 40 31
80 50 46 52 92 20
42 9 83 54 2 16
53 58 28 15 89 86
63 79 78 13 98 64
86 90 65 41 47 67
42 93 16 4 53 37
50 58 78 2 69 82
75 82 69 68 42 50
50 100 23 15 70 92
40 78 91 18 49 47
82 86 86 52 80 95
90 8 30 12 78 54
26 87 66 35 84 100
98 49 89 72 49 44
46 5 26 12 40 90
15 82 44 51 10 4
28 80 21 53 54 48
44 7 75 56 67 58
52 61 20 83 20 65
49 3 41 51 73 6
87 98 1 59 50 11
38 65 47 68 78 71
70 85 76 76 95 66
46 65 75 26 49 12
71 50 66 90 58 42
38 59 86 51 88 94
69 26 53 59 37 83
98 26 38 81 60 86
23 88 85 11 15 77
33 73 98 72 19 34
72 7 10 86 11 97
50 41 35 16 98 19
35 40 75 37 53 40
71 35 74 33 42 35
13 69 45 2 3 45
72 94 59 13 35 91
83 75 25 41 84 45
8 20 53 60 41 84
91 55 9 81 93 16
36 27 43 25 19 79
98 78 27 79 60 14
58 65 35 95 18 5
21 23 58 36 46 96
74 43 74 62 60 55
21 39 62 16 85 51
16 95 78 12 43 100
57 28 100 13 96 36
22 11 4 39 44 24
100 98 23 47 72 30
76 99 2 15 26 89
31 79 16 43 27 97
76 33 83 29 47 4
100 73 69 37 61 12
82 22 53 89 69 70
14 73 86 28 96 97
5 26 3 36 30 45
48 84 51 25 52 75
79 47 23 31 6 11
26 72 39 91 36 80
6 36 40 80 29 19
34 49 38 75 14 34
43 86 12 49 54 11
20 57 9 87 44 61
91 92 4 67 82 63
34 95 39 52 67 85
13 19 88 33 34 32
34 88 74 91 46 33
49 61 64 70 59 36
28 40 19 72 60 91
59 26 86 36 25 70
82 45 96 89 69 24
11 65 97 59 74 15
27 16 19 54 89 12
55 19 35 98 71 5
27 39 98 31 95 63
21 70 67 56 1 63
48 47 57 52 25 21
31 62 20 15 40 75
63 8 46 49 61 72
89 57 54 84 37 21
71 99 66 71 39 85
44 35 7 41 18 44
80 50 20 27 23 96
68 34 68 62 53 32
93 79 73 89 58 89
74 90 100 69 89 64
20 37 92 75 10 54
7 60 36 48 59 71
56 29 62 17 92 23
41 83 95 21 11 56
24 29 48 60 33 54
37 70 35 33 53 61
1 50 44 1 87 81
5 9 55 51 23 55
25 90 10 87 22 11
20 40 8 50 37 93
1 73 34 29 27 30
79 49 26 51 15 90
64 44 67 29 9 67
64 22 1 34 22 65
48 21 28 97 81 49
90 18 63 93 56 6
7 49 2 53 82 1
63 38 95 60 46 42
10 66 3 56 48 43
44 79 35 66 68 40
94 75 75 90 63 64
42 25 17 41 91 63
89 57 93 36 74 90
98 42 32 69 82 8
73 1 19 57 12 96
5 41 62 63 62 70
32 71 22 30 30 71
39 80 87 99 17 69
63 81 27 7 36 99
7 13 71 84 65 38
87 33 85 60 77 89
18 31 95 22 71 72
69 31 68 81 63 75
10 58 23 30 100 14
100 75 19 87 51 80
93 56 84 15 8 95
51 45 41 90 19 54
95 11 49 72 65 3
91 58 96 25 57 77
84 85 70 35 88 48
1 47 55 33 99 74
31 64 77 47 9 65
75 66 29 60 48 69
39 58 13 42 68 83
93 24 12 53 42 79
25 63 65 74 14 4
91 42 85 5 16 68
60 55 34 76 76 36
2 6 8 70 29 51
13 54 81 74 75 59
65 39 34 23 52 91
43 73 87 73 33 9
13 84 91 47 81 6
53 51 26 88 2 39
29 82 85 9 18 1
35 71 69 78 72 36
66 85 41 82 20 97
39 67 32 65 87 49
55 90 82 15 54 72
4 26 30 66 83 31
2 42 65 24 20 8
46 52 66 51 86 14
90 93 68 52 24 69
77 41 17 2 87 78
15 34 1 67 59 60
70 8 8 12 14 91
100 34 32 7 46 69
98 19 46 98 12 24
10 79 4 65 45 22
29 82 20 55 74 12
42 58 3 52 84 49
99 80 7 27 14 98
44 94 43 61 100 25
36 53 99 56 35 21
44 11 59 52 91 25
3 84 32 33 100 32
82 82 17 47 89 18
58 77 73 90 51 96
58 23 57 76 24 16
83 9 92 25 3 100
97 88 2 70 58 1
26 46 8 18 86 44
97 19 98 78 76 68
59 69 86 46 40 73
6 40 61 75 4 44
61 64 27 97 78 32
92 7 3 9 96 65
10 86 60 68 61 56
14 70 89 43 91 59
22 75 43 99 63 2
27 31 44 65 88 2
14 46 51 44 46 71
8 73 70 47 93 100
3 68 67 58 37 47
29 67 65 85 20 10
61 9 52 15 26 90
18 62 77 62 19 87
29 54 65 97 37 76
25 41 85 61 70 46
1 50 49 58 25 36
53 18 34 86 58 2
23 5 35 79 53 93
94 62 68 22 94 97
13 43 54 31 60 3
66 40 21 63 43 91
56 68 49 100 24 49
81 1 4 88 7 61
7 29 63 31 35 68
1 48 97 5 22 67
92 22 93 19 54 62
38 86 31 33 92 90
8 23 98 88 17 89
43 5 63 73 96 8
92 31 80 85 72 5
25 73 1 82 91 29
70 43 5 62 94 20
64 42 6 45 52 87
46 11 18 13 16 3
71 1 58 39 32 74
24 86 36 98 31 82
27 10 72 91 93 80
33 9 74 4 3 100
89 78 92 24 11 23
62 61 23 70 89 72
17 96 77 35 64 36
41 73 62 41 41 81
88 22 78 52 28 24
5 73 23 27 76 98
81 74 62 66 13 22
97 53 34 73 64 57
30 69 25 6 26 14
10 9 3 97 28 73
15 81 17 34 33 49
76 63 58 88 21 50
30 20 80 64 16 5
10 63 73 39 53 9
28 36 61 35 82 61
99 98 22 37 40 40
75 89 73 91 63 85
100 20 11 28 89 88
61 38 52 91 75 43
43 78 88 49 40 62
42 72 97 8 69 21
7 72 23 27 42 6
52 17 45 50 89 70
11 72 79 58 79 50
20 55 48 1 92 79
11 34 27 69 20 15
75 30 28 85 39 15
47 24 90 29 52 87
68 22 86 22 70 6
94 90 72 69 80 6
79 12 22 63 98 69
81 70 47 62 71 96
64 33 82 3 40 46
46 94 17 24 37 14
24 24 4 94 76 71
51 32 43 89 2 79
39 96 56 85 90 66
62 84 30 71 18 37
84 82 93 11 96 22
37 37 49 17 38 96
89 34 39 28 66 32
83 2 98 33 61 94
50 28 18 26 8 40
88 57 71 79 28 42
2 30 94 59 19 50
86 30 34 37 82 69
79 93 49 48 39 97
48 22 74 71 93 50
69 1 93 74 82 65
22 66 43 19 62 18
