300 10 2
150 150
38 6 66 96 47 28 98 1 31 34
63 37 4 22 56 81 17 51 16 21
94 83 60 94 14 16 97 100 93 63
76 2 44 78 6 64 75 59 31 18
84 78 46 42 33 50 96 96 61 72
24 36 27 38 41 64 73 31 2 42
31 10 2 68 82 14 5 64 55 77
76 29 92 23 54 33 54 47 31 66
22 77 96 84 60 70 11 15 37 68
33 47 94 28 48 41 90 91 89 60
46 81 38 56 89 55 51 11 33 77
30 51 2 14 83 63 61 100 29 26
51 88 96 26 68 7 22 79 66 55
19 68 14 72 82 70 93 21 20 95
42 54 93 97 87 23 43 22 34 43
13 19 26 14 89 37 31 56 67 39
32 20 42 17 98 87 31 27 79 88
19 42 37 32 59 25 27 53 5 38
99 47 52 96 20 3 77 18 38 4
81 88 17 3 64 25 98 55 3 23
67 28 68 80 49 21 49 52 39 3
55 99 97 67 56 21 48 46 87 29
31 26 70 25 76 78 58 9 100 79
64 82 50 34 57 72 14 23 25 28
25 90 58 34 13 59 18 7 15 92
28 32 72 93 23 41 29 52 88 16
8 49 7 67 31 47 76 3 12 1
73 99 34 40 93 48 38 100 7 47
68 95 40 90 7 55 7 90 17 75
65 80 16 68 61 11 99 27 79 95
49 63 24 6 26 7 18 95 42 37
93 53 82 90 61 90 49 34 94 99
98 66 20 99 98 15 19 75 18 33
65 39 48 78 80 91 83 15 64 74
82 52 83 36 68 87 27 97 87 56
12 89 56 70 8 48 24 26 94 40
51 34 88 65 76 18 85 46 29 25
44 40 28 59 91 95 1 1 92 26
26 2 15 36 44 38 38 5 3 1
1 7 3 49 87 25 87 18 7 73
83 27 98 58 18 30 32 45 83 93
73 42 40 86 87 43 42 27 21 9
48 39 60 39 89 3 50 4 100 68
49 79 32 56 57 63 39 32 41 60
18 50 23 88 66 51 61 47 46 38
53 42 68 96 29 18 32 19 95 64
93 23 89 86 39 38 28 61 26 1
13 49 25 80 25 33 7 1 76 44
86 62 11 36 86 64 59 26 80 23
76 100 30 50 41 78 59 55 17 42
99 40 74 48 68 38 17 45 69 54
42 47 61 68 87 1 78 85 73 60
50 82 23 30 2 84 41 65 98 35
63 27 7 37 71 47 13 72 33 97
25 12 47 58 2 2 33 87 39 78
73 63 3 69 96 10 6 21 58 71
86 74 4 36 17 8 94 33 8 96
79 87 94 67 76 77 61 17 47 58
80 100 72 86 30 42 68 68 39 33
31 50 77 74 71 82 9 72 16 65
97 94 25 88 59 31 66 27 26 33
69 6 38 31 45 68 80 62 39 69
25 4 36 32 74 15 95 92 13 44
62 67 44 35 31 26 94 78 74 7
56 11 9 76 20 76 16 52 99 23
63 100 56 98 63 83 86 41 55 45
56 54 2 56 94 31 88 81 30 31
79 72 47 60 5 26 71 3 56 13
3 19 12 85 71 45 38 96 94 84
38 47 47 98 70 83 56 2 94 7
37 57 10 35 22 68 91 8 62 99
20 21 69 24 58 23 53 57 51 12
61 1 32 22 77 100 5 9 8 79
45 85 39 96 88 97 38 54 11 72
12 53 100 26 59 7 78 49 45 64
25 53 53 43 38 31 50 15 22 98
31 29 62 1 41 14 7 96 32 49
34 1 23 65 5 66 62 68 96 21
9 85 100 96 91 50 11 17 34 45
1 44 63 100 32 40 100 76 29 92
79 5 18 65 52 75 69 100 62 96
34 34 89 10 41 57 27 63 27 71
45 86 8 14 86 94 83 16 98 51
11 63 82 16 79 1 98 28 76 71
39 58 96 59 13 17 81 8 45 71
70 29 48 100 41 23 29 70 78 20
65 37 51 38 88 80 98 23 22 50
25 89 81 10 85 1 16 12 82 23
87 77 48 91 85 4 89 27 1 65
36 96 3 13 67 47 22 78 46 51
87 59 100 38 32 30 25 91 86 91
16 37 2 88 35 62 30 100 35 48
51 40 81 41 54 17 93 4 52 74
38 68 24 98 82 16 64 84 30 98
39 33 82 39 24 36 32 21 70 13
68 22 44 59 9 28 82 44 3 5
78 50 10 1 26 92 80 88 66 6
79 64 14 9 45 90 75 16 59 19
7 64 27 68 77 82 88 58 83 77
63 59 47 60 21 27 61 32 82 75
70 15 33 68 98 25 90 61 84 57
72 94 86 66 71 85 1 93 77 38
21 36 4 40 87 5 82 4 16 82
40 63 91 46 62 16 73 84 16 99
45 13 99 15 51 41 71 77 86 46
73 74 89 56 18 66 75 45 6 31
61 13 74 34 98 14 6 50 88 79
43 19 88 80 7 52 24 72 27 97
100 39 82 2 93 88 89 4 21 24
86 25 45 59 100 30 9 1 61 86
59 100 54 19 84 39 92 71 8 67
14 22 16 13 14 36 62 24 37 93
86 26 100 27 8 1 91 36 11 62
84 80 89 80 50 22 68 21 95 50
15 57 45 46 46 74 8 45 86 53
94 4 16 53 36 39 23 76 52 88
3 68 29 11 17 57 44 37 88 4
40 25 24 17 69 4 94 45 72 48
72 34 3 11 9 35 44 74 67 8
30 7 67 61 5 97 91 61 67 57
88 24 97 58 54 11 88 22 43 36
61 44 34 97 45 1 1 54 16 40
7 67 41 62 62 43 59 32 66 31
8 69 100 22 78 30 74 59 97 82
60 43 69 63 97 74 83 98 81 1
85 47 18 51 28 53 46 87 86 46
26 53 75 98 78 12 48 62 29 41
57 26 26 74 49 34 40 46 41 18
26 58 56 39 27 96 41 17 16 72
62 98 31 23 82 69 42 67 64 58
93 7 84 74 98 95 65 95 50 24
1 45 70 97 56 45 78 8 43 68
80 45 4 80 91 40 61 2 58 45
41 72 50 29 69 71 87 5 56 8
10 45 27 38 88 19 13 68 20 17
38 53 54 5 50 66 66 15 98 26
39 23 44 4 98 72 18 62 66 33
38 17 9 5 18 55 11 97 55 87
31 67 29 36 79 19 71 64 82 14
93 19 69 70 2 20 77 82 28 86
3 64 22 19 76 6 76 10 63 67
45 87 53 17 99 11 63 51 7 9
87 21 54 73 54 36 44 91 22 18
69 97 18 85 61 67 42 36 12 50
26 26 23 20 60 81 15 32 59 29
17 75 18 25 100 89 100 74 69 68
47 85 11 15 65 60 22 90 26 66
66 54 29 62 94 82 51 79 60 77
48 27 72 12 100 39 2 87 10 74
35 69 40 13 64 96 39 28 81 49
41 83 56 70 59 13 21 22 68 24
86 28 71 81 60 10 70 35 47 50
13 38 71 6 3 52 44 27 8 27
44 8 34 35 56 59 100 44 60 71
31 29 97 85 64 18 18 84 24 10
20 91 17 70 20 21 95 86 69 52
70 40 95 37 44 15 93 81 98 50
8 2 12 38 56 94 32 22 93 88
90 72 19 39 79 90 4 60 22 85
76 15 35 75 65 35 86 54 69 91
48 90 82 8 22 89 9 16 42 20
26 53 25 62 90 61 9 83 10 64
30 73 65 34 34 55 31 80 65 56
16 73 9 38 21 7 29 92 50 2
45 92 57 49 38 83 92 95 97 60
11 91 44 23 64 97 48 48 33 6
8 45 65 91 38 64 14 81 100 37
93 9 19 5 65 74 39 72 80 25
61 51 100 56 13 78 27 88 67 14
24 2 25 40 48 68 60 41 51 23
64 30 82 29 38 78 20 63 12 85
19 62 27 27 60 2 98 95 46 26
74 76 39 35 94 64 22 86 50 73
4 23 11 50 21 55 67 64 71 29
7 14 19 69 26 37 50 93 67 19
100 44 48 21 94 5 75 61 17 19
51 46 24 76 98 29 30 60 82 66
55 27 73 23 99 93 21 79 21 36
32 75 19 85 98 23 3 15 38 57
13 83 9 16 74 8 2 65 24 9
16 66 25 35 95 14 74 39 58 90
59 20 97 88 80 19 21 93 27 76
30 28 36 15 41 7 75 39 77 49
19 93 27 94 18 74 76 16 65 53
43 64 45 86 40 32 22 96 84 49
46 26 56 10 85 78 16 43 93 59
51 29 63 87 90 9 30 41 28 1
34 44 42 95 49 26 18 98 90 15
29 17 51 86 92 19 80 86 76 3
30 36 40 87 93 37 23 9 30 73
99 18 53 21 5 42 42 93 92 88
7 21 9 54 69 32 19 4 37 59
71 2 61 47 90 53 12 69 26 73
89 35 16 63 81 60 21 24 38 52
85 40 61 28 39 98 11 96 81 30
66 2 21 93 81 38 44 30 99 22
55 14 47 31 65 64 86 95 90 37
59 48 59 67 26 66 87 38 36 91
76 68 97 6 6 97 84 98 35 62
36 8 12 74 85 46 81 99 73 31
26 94 22 95 19 34 5 50 71 16
54 59 62 33 28 78 80 62 67 74
99 9 63 96 67 26 45 1 78 29
51 92 82 94 57 1 43 49 99 81
100 49 44 51 90 30 1 95 9 38
53 95 18 56 63 25 5 17 57 48
89 71 19 76 2 14 48 8 36 85
99 68 26 78 2 22 73 29 99 80
34 84 50 31 88 49 65 33 91 25
99 78 45 77 76 55 96 28 93 60
7 25 1 70 26 42 9 60 59 73
72 5 57 96 21 77 9 52 73 21
68 48 80 62 72 58 59 87 39 46
98 2 75 33 58 73 14 72 31 31
54 97 85 22 61 64 93 55 2 27
23 33 75 12 52 9 9 16 7 55
2 82 92 93 99 48 35 85 65 24
39 62 47 86 95 15 40 53 82 50
50 47 64 71 92 9 41 59 62 11
44 37 97 49 64 54 27 7 16 58
82 19 52 33 75 49 47 77 68 3
42 59 65 22 65 25 11 58 5 91
73 50 91 92 57 73 31 35 82 87
12 35 69 17 13 7 10 20 1 13
88 61 49 83 78 65 41 34 28 90
19 64 18 1 8 79 35 39 26 9
61 79 6 25 44 24 83 79 65 86
77 71 20 39 97 21 59 69 12 72
65 59 85 78 30 34 48 98 30 54
14 89 65 79 27 91 69 3 62 51
30 37 37 93 4 90 32 14 56 15
85 55 12 81 63 60 49 79 52 54
40 41 31 77 54 15 33 85 7 34
36 29 35 46 76 94 64 12 98 91
60 9 55 75 1 90 31 80 92 25
54 46 33 58 50 28 26 85 40 83
4 80 45 56 34 66 52 65 91 81
18 56 1 38 39 63 97 28 68 87
50 24 21 88 54 38 70 45 19 33
56 65 98 88 84 53 15 61 32 100
62 6 97 91 59 50 30 71 16 55
66 72 15 37 16 45 47 58 33 100
43 40 54 6 48 15 24 99 32 55
70 52 75 4 46 92 11 66 80 81
75 83 57 52 24 96 80 1 5 30
59 74 31 50 64 5 95 72 51 33
73 10 1 8 15 10 39 21 93 10
1 41 59 42 79 90 32 93 50 49
51 18 18 31 22 8 91 26 41 99
48 73 37 26 70 96 40 5 87 89
94 71 100 25 13 61 54 25 13 94
93 6 31 83 14 5 60 38 57 70
55 68 82 71 50 69 80 9 95 69
40 61 72 79 33 14 66 79 2 40
77 78 64 56 49 45 2 26 26 33
70 77 12 98 29 87 97 24 64 62
52 64 20 91 96 21 85 9 74 86
68 46 24 3 1 14 11 82 28 60
93 79 19 43 40 12 21 87 84 69
89 68 69 36 65 73 11 67 75 65
87 81 88 98 13 93 30 16 2 42
97 77 1 96 88 70 12 5 17 73
23 76 76 40 86 46 14 28 30 32
89 47 50 55 66 29 61 53 3 36
90 88 56 47 66 14 3 36 46 45
97 26 40 43 50 24 31 26 5 5
52 57 34 20 13 7 88 15 65 7
64 28 50 64 14 59 5 64 96 93
40 96 83 87 16 39 17 47 61 54
4 18 1 19 19 55 87 80 52 61
49 65 30 89 13 88 83 63 91 100
3 89 30 66 91 56 40 85 61 99
26 67 56 96 96 62 58 64 3 15
31 16 41 10 7 50 45 68 39 40
35 46 77 15 71 82 94 15 97 54
68 32 58 82 66 70 38 55 5 58
15 48 50 9 64 13 24 94 46 48
13 96 85 61 35 76 44 86 24 79
83 99 76 94 83 57 98 75 31 75
6 36 14 11 2 11 66 70 98 96
76 68 8 80 59 43 25 89 86 61
91 72 34 3 52 77 59 69 3 86
20 16 84 90 76 73 76 23 62 69
19 85 9 66 38 28 97 41 16 5
53 79 29 26 86 55 86 99 39 16
71 68 59 22 37 40 29 2 19 90
9 79 59 42 2 86 90 33 41 6
22 54 96 73 69 7 67 56 20 4
64 52 13 65 4 41 77 96 51 47
19 36 4 62 15 8 3 27 20 39
37 58 40 22 72 38 32 65 100 41
93 92 70 37 57 100 26 16 79 41
85 53 12 29 7 13 65 30 73 8
62 57 67 84 19 41 75 52 54 8
42 31 20 72 30 19 77 8 54 83
66 40 89 95 18 69 87 26 59 24
38 57 72 12 1 56 56 17 91 26
29 3 44 13 89 42 16 39 51 95
45 11 11 74 100 39 99 97 98 81
29 69 64 35 89 10 78 80 10 73
