100 4 2
50 50
97 86 83 17
96 86 33 29
54 74 27 14
16 59 78 52
63 99 25 38
45 28 5 61
54 40 5 58
69 2 37 56
35 20 46 87
7 57 60 70
83 40 9 77
63 95 67 63
38 88 79 2
60 52 11 42
80 38 12 43
53 11 5 43
74 14 71 67
11 79 21 67
96 84 93 67
3 28 81 56
94 99 2 80
40 17 45 40
29 12 80 31
50 43 29 15
11 22 53 54
90 78 24 3
23 39 52 79
32 8 82 26
95 61 63 11
57 66 95 90
78 15 67 16
57 29 98 51
14 92 38 5
32 29 46 22
27 84 57 71
27 81 68 37
55 14 45 30
42 51 87 87
20 92 41 65
11 90 57 77
89 60 58 67
45 33 71 85
79 1 10 43
71 26 21 30
19 24 91 9
19 21 27 53
55 53 31 11
30 73 64 82
72 79 85 25
7 16 48 48
60 48 15 39
7 4 70 56
70 14 75 12
62 36 80 26
1 59 8 68
78 25 67 67
48 59 15 72
37 56 79 61
84 67 56 81
16 43 81 33
56 26 91 86
84 2 62 72
29 37 79 80
53 84 8 15
95 43 76 11
92 28 26 92
45 8 21 23
18 45 79 29
50 4 82 71
39 36 65 29
25 25 17 79
4 99 51 82
51 4 58 77
84 87 48 86
94 86 31 28
2 18 83 73
30 2 77 35
62 52 5 66
79 34 11 85
70 72 40 24
8 63 71 85
32 59 63 36
37 57 12 75
73 29 78 82
80 23 61 33
23 73 97 75
95 40 43 20
47 32 71 37
27 42 28 6
30 75 30 85
60 21 77 88
38 87 3 24
26 74 76 99
12 72 47 84
30 100 86 49
73 21 5 32
87 30 50 61
42 13 60 56
79 52 40 93
99 50 68 100
