60 6 2
30 30
21 10 93 25 93 95
94 37 99 29 94 44
91 10 49 59 10 61
84 2 67 48 77 98
90 84 50 72 45 8
83 7 46 40 4 21
17 95 99 9 49 38
34 40 84 70 98 56
94 15 28 36 98 15
51 47 99 19 32 49
5 84 91 79 70 6
98 71 21 35 75 51
83 35 31 97 95 63
45 13 17 18 51 31
34 66 30 43 73 59
20 13 95 35 40 8
53 82 7 69 76 45
49 16 67 40 82 71
55 65 64 79 28 48
77 69 58 52 22 48
16 89 35 45 56 69
79 89 43 80 46 77
23 44 61 90 48 97
57 40 13 76 3 49
88 5 67 53 22 43
100 69 27 30 72 70
48 69 37 50 30 71
27 76 77 55 74 74
100 52 13 12 46 82
8 2 33 47 40 65
61 45 31 53 79 31
39 91 74 72 62 12
19 43 94 49 54 32
22 92 13 66 43 64
93 46 69 65 62 62
31 62 33 49 30 9
2 98 6 26 24 68
81 54 28 78 88 83
23 17 72 25 92 49
43 5 13 17 96 1
44 51 61 95 88 93
40 54 11 36 95 92
46 25 83 28 15 55
35 1 84 22 18 68
92 18 10 56 68 69
11 26 61 52 38 48
52 64 35 82 39 20
80 94 46 39 33 73
23 78 60 16 70 34
97 13 72 83 57 65
36 64 77 44 65 75
89 9 45 9 50 59
15 97 26 57 3 11
2 75 59 30 25 11
73 49 29 56 74 57
62 44 36 40 43 16
67 70 3 56 22 84
32 46 48 3 40 70
20 42 32 41 92 51
92 44 100 23 85 32
