500 6 4
125 125 125 125
32 65 66 98 24 22
80 96 37 47 8 11
60 23 82 98 41 37
32 13 60 94 36 93
19 82 78 6 33 45
67 58 72 49 14 29
80 71 72 18 99 71
28 75 75 73 66 26
64 1 22 77 56 94
91 36 69 61 19 68
82 89 16 71 86 9
44 20 91 41 97 25
14 47 61 16 79 77
82 49 78 41 56 28
63 69 90 9 48 41
13 74 17 2 92 11
93 17 22 2 85 55
66 45 63 37 4 25
5 23 16 80 75 63
54 81 17 82 77 13
53 46 35 12 16 69
30 65 35 35 68 90
86 24 15 60 57 36
6 18 30 39 17 47
73 88 91 87 63 77
47 43 70 35 17 79
57 82 59 1 91 24
68 40 42 88 68 39
71 41 90 53 95 87
63 88 50 77 20 4
86 29 21 39 22 90
79 8 61 53 80 84
24 82 5 37 68 74
20 11 88 40 89 77
66 82 56 78 97 80
22 100 76 18 47 63
24 11 83 26 58 39
76 7 51 6 22 11
22 92 53 53 81 33
10 93 10 41 41 68
5 10 69 76 9 34
24 10 81 57 6 35
79 8 39 52 38 73
99 71 2 46 67 4
11 72 26 52 100 51
47 66 67 40 29 14
59 5 47 25 90 90
46 18 69 16 26 75
15 56 68 71 67 72
49 8 50 28 92 78
43 64 55 28 16 25
79 60 34 43 89 66
88 63 47 70 35 15
42 11 28 59 42 94
88 4 55 78 38 85
81 3 33 19 92 80
76 57 60 14 35 26
93 76 10 20 55 57
7 93 42 16 3 76
77 66 18 63 22 90
54 55 54 44 35 87
50 68 49 30 39 63
41 96 100 90 81 28
91 93 31 21 64 19
42 79 55 95 91 71
9 94 19 24 44 93
84 40 28 30 19 47
13 26 21 90 99 61
24 31 58 52 89 45
84 13 46 30 91 32
43 91 51 58 21 13
78 34 13 48 99 88
86 36 25 33 69 86
98 13 5 29 62 94
34 91 96 59 53 12
68 60 64 88 56 33
68 77 10 92 14 99
5 77 21 3 12 22
60 85 27 20 91 85
73 22 61 95 19 24
15 97 96 4 66 21
6 44 60 20 90 98
10 44 74 85 53 5
77 66 43 10 59 12
42 52 96 67 98 65
27 38 85 26 94 72
84 58 4 4 93 34
55 83 61 68 63 31
69 47 84 22 45 30
63 98 22 32 74 93
21 62 1 81 45 25
1 15 95 12 27 58
84 72 38 98 96 85
26 58 52 7 80 8
8 19 76 22 38 49
19 24 98 8 17 91
42 36 9 15 71 7
19 45 23 35 15 59
62 59 9 57 35 85
41 98 49 25 99 42
5 60 62 7 53 20
45 98 66 83 20 98
48 68 1 91 45 93
67 12 7 48 65 14
84 73 43 56 47 77
30 31 32 85 29 89
57 65 82 86 37 54
32 74 25 34 5 24
36 25 68 31 83 76
98 79 6 58 56 76
52 9 6 8 36 54
46 25 49 48 8 73
31 14 46 95 85 97
41 15 56 87 3 35
73 27 35 68 80 44
70 64 19 11 78 88
82 96 68 7 72 14
65 25 19 43 100 44
46 65 80 45 89 5
5 31 48 68 10 79
15 99 38 38 71 9
14 62 44 40 24 25
44 84 65 87 42 92
30 52 33 55 65 93
22 93 24 84 44 90
94 46 30 30 47 47
82 62 20 2 95 43
5 44 45 15 18 47
3 72 49 29 71 4
54 52 42 91 13 11
67 83 27 4 65 82
15 29 88 95 91 86
21 48 56 12 38 78
90 14 83 67 61 31
14 8 73 73 67 38
45 100 21 29 94 91
9 59 14 80 22 43
86 52 57 60 12 91
8 70 80 34 94 67
90 45 91 88 10 27
92 59 53 52 63 22
12 68 59 76 12 58
75 34 24 77 52 56
45 15 29 44 31 19
42 28 41 5 77 79
24 99 66 88 93 52
81 14 54 64 4 31
47 4 81 87 10 80
56 11 44 68 54 71
55 10 22 62 86 25
91 42 80 100 95 5
35 62 100 88 87 53
28 1 24 98 25 42
88 52 37 52 15 95
36 17 91 61 42 47
67 66 20 4 16 11
66 6 82 39 9 49
43 46 46 71 33 28
84 6 9 5 15 41
12 27 63 56 88 48
62 59 35 21 68 26
24 46 99 94 1 81
15 46 12 16 60 78
100 95 81 36 35 54
27 78 87 45 31 100
5 2 70 38 5 28
25 85 65 46 21 99
97 94 23 20 57 43
37 85 51 34 73 36
61 19 16 32 69 53
32 59 46 70 69 73
42 9 67 95 5 92
69 15 98 86 40 70
62 89 25 82 16 67
61 89 66 51 45 93
62 93 69 23 16 1
4 10 71 28 79 42
79 46 16 75 70 86
3 51 94 91 75 7
46 78 25 100 83 90
33 54 81 70 1 67
96 52 1 91 4 87
3 49 73 18 18 34
59 91 34 97 4 85
7 98 59 9 87 82
7 40 20 16 94 9
9 91 55 25 42 16
8 29 8 66 40 56
96 95 54 27 19 59
37 53 86 60 13 93
90 52 9 71 55 17
9 40 84 70 79 27
52 24 81 84 93 85
37 62 31 45 81 52
11 83 80 97 31 71
100 95 16 60 94 51
11 86 70 2 48 43
22 50 28 9 66 26
3 76 82 32 95 27
9 68 60 2 28 30
49 1 70 94 13 37
69 97 19 27 87 74
93 16 94 86 75 56
79 63 84 53 47 22
97 27 2 70 67 56
78 4 89 62 73 80
64 79 47 51 36 15
89 30 48 99 59 60
83 97 75 47 47 64
67 39 64 97 73 9
61 38 47 56 26 80
37 80 64 40 67 90
32 36 98 24 71 62
72 86 15 3 26 17
77 5 73 58 36 94
81 93 7 65 16 76
70 98 57 8 37 65
47 45 2 36 38 96
64 18 30 56 31 92
31 55 45 58 63 59
98 47 43 99 32 73
94 9 92 93 19 38
67 39 57 64 6 1
55 98 16 31 56 47
32 63 50 80 61 54
79 97 26 49 74 21
78 37 17 72 88 28
48 9 59 65 17 81
32 62 74 57 69 48
1 56 28 64 66 55
49 67 25 91 65 79
54 38 85 18 61 7
58 29 76 44 26 62
23 26 83 27 75 52
11 60 78 60 34 70
60 28 38 22 3 37
31 38 14 8 92 30
89 47 12 75 42 6
97 98 98 51 91 34
97 24 88 80 15 98
90 99 31 93 91 38
71 55 35 19 56 84
64 39 15 17 3 30
9 68 55 37 60 81
59 31 62 3 52 57
38 86 3 45 20 78
50 94 36 47 34 1
87 63 54 82 2 53
87 88 12 18 94 15
29 96 19 79 32 67
22 2 73 45 21 43
74 61 8 11 60 95
6 63 91 52 72 13
74 54 2 43 31 78
7 44 45 32 22 87
82 24 77 53 81 64
22 52 29 99 9 73
1 72 55 28 12 59
95 71 65 46 73 96
84 60 93 41 23 10
53 61 6 16 75 52
11 85 41 66 17 100
69 65 71 83 33 31
74 19 97 79 84 86
51 69 51 39 97 73
22 87 69 85 42 53
92 56 78 10 6 51
1 6 25 34 28 35
91 10 18 30 97 61
7 82 63 62 19 51
67 39 47 38 61 30
26 66 88 69 76 37
14 6 34 4 6 80
81 22 58 23 69 27
45 91 100 38 100 20
50 21 38 71 75 58
43 80 68 92 100 100
1 22 26 48 40 70
33 72 34 43 36 92
24 75 20 61 54 28
19 36 86 12 47 57
100 87 65 84 56 77
60 48 9 55 79 25
27 22 41 83 42 46
34 68 68 87 63 75
62 92 77 71 58 99
62 99 10 68 55 45
83 12 31 5 100 82
41 51 19 18 25 60
1 87 11 27 13 68
30 74 4 60 92 6
44 73 49 84 88 22
75 15 98 84 80 94
19 27 72 66 11 61
14 6 60 28 57 83
67 81 71 76 74 94
18 13 33 59 52 86
32 52 16 30 85 59
67 24 87 61 25 24
59 39 70 1 56 46
93 32 16 49 33 52
12 67 59 54 22 74
6 98 7 73 10 63
66 91 57 74 61 80
61 1 84 88 9 37
76 80 94 19 48 65
89 16 82 54 95 6
39 96 69 79 21 62
64 6 26 50 71 100
9 20 95 36 8 82
51 81 44 91 43 33
85 41 95 49 59 56
45 7 89 69 89 29
19 38 31 72 69 82
44 69 17 85 67 86
10 38 88 70 36 57
7 20 54 73 64 44
52 49 43 32 25 24
81 96 13 66 92 27
91 84 19 16 25 14
36 18 15 64 88 20
12 86 35 28 73 39
75 75 40 54 52 90
42 30 42 100 27 83
71 42 85 18 66 28
73 59 99 14 97 11
13 66 79 60 87 73
69 17 98 92 48 32
90 49 2 73 88 84
76 55 74 76 71 37
21 51 91 98 36 14
14 70 68 27 82 95
82 32 14 26 51 45
33 9 91 83 77 48
8 90 59 50 54 79
42 45 54 23 96 67
80 70 71 79 75 98
9 39 77 60 94 98
78 26 10 24 84 44
21 94 55 66 90 46
97 23 48 75 57 32
30 22 9 36 97 60
71 56 34 81 65 35
96 68 51 39 85 98
3 67 69 37 54 83
41 55 36 55 93 96
65 100 12 25 70 79
60 87 27 9 74 97
2 18 27 98 2 98
33 30 20 85 53 66
37 97 23 82 88 76
68 46 97 87 17 45
22 14 96 67 1 53
80 12 61 53 46 18
77 48 84 25 96 85
54 37 4 20 79 97
20 52 98 90 18 30
86 5 2 66 69 58
6 65 46 92 100 81
40 94 12 5 44 33
70 75 66 94 7 20
13 40 38 35 23 94
35 97 53 29 27 54
56 3 13 14 45 61
72 83 3 23 38 33
39 27 64 89 100 20
63 54 34 53 96 24
98 40 14 69 100 37
6 5 56 95 66 4
96 40 44 45 59 52
13 34 81 98 13 4
100 13 86 13 39 29
38 42 25 53 18 51
42 47 89 86 21 62
40 36 43 14 53 53
98 23 72 73 62 77
23 96 91 87 49 4
2 91 60 44 98 56
74 3 29 14 35 70
16 84 3 95 75 20
77 11 41 38 9 21
71 81 56 5 50 94
69 46 7 96 99 41
88 55 67 98 76 85
10 19 4 25 22 69
57 67 39 79 31 57
80 24 40 86 34 42
3 77 18 4 92 64
46 60 40 44 56 7
20 90 100 95 52 99
83 85 93 74 34 45
48 15 31 2 8 25
71 4 44 44 55 34
24 29 85 23 4 35
13 3 3 45 61 97
69 58 36 73 15 36
75 15 50 65 51 66
17 8 33 32 82 67
92 63 2 20 56 48
84 14 92 97 72 89
89 20 60 1 72 57
92 14 73 29 35 49
58 66 29 69 16 75
16 10 74 90 77 60
41 84 20 26 20 94
14 46 11 46 12 19
20 68 70 53 40 7
31 89 92 60 70 39
58 95 23 77 91 11
1 100 83 63 86 78
12 79 11 5 5 49
2 47 65 83 29 21
6 12 16 10 53 9
97 45 68 90 89 85
14 75 8 66 19 79
21 72 15 22 17 33
48 34 31 61 4 88
77 75 81 46 52 81
52 100 91 27 81 39
46 70 55 56 5 44
45 95 76 60 73 9
70 7 84 100 85 86
10 71 54 52 21 65
54 81 88 87 75 89
47 78 51 6 52 57
100 77 6 71 1 25
18 7 16 74 17 20
14 35 38 34 73 83
37 23 75 1 55 66
59 68 30 100 77 60
80 36 52 96 8 19
36 90 87 40 69 37
32 59 43 69 40 28
83 39 14 37 28 53
70 67 5 35 48 74
35 61 82 59 46 73
55 86 47 48 66 100
89 65 41 7 8 90
20 25 52 89 68 80
21 23 26 78 23 13
22 98 23 9 37 74
88 1 17 53 76 18
50 78 89 22 48 36
11 49 100 3 82 97
17 1 22 34 74 84
87 27 66 70 94 91
38 15 33 93 12 69
16 23 43 27 65 34
51 96 5 82 23 58
46 35 84 63 50 40
21 47 79 72 89 89
54 37 7 27 36 14
24 5 16 6 68 36
51 69 54 14 3 81
73 48 45 24 24 14
92 48 66 91 57 15
28 74 82 92 29 21
19 32 41 33 9 49
11 48 3 46 16 40
13 72 24 53 1 99
73 77 40 60 49 31
47 13 7 19 78 18
9 44 80 99 15 31
62 39 87 84 99 72
21 3 94 33 12 66
65 2 23 67 55 43
34 13 63 62 16 60
31 20 63 90 10 51
56 14 56 46 32 8
72 1 70 98 40 30
32 9 57 97 27 37
61 19 9 86 50 69
22 77 20 91 22 16
44 37 39 85 85 27
21 5 70 16 1 96
92 80 64 68 22 7
21 39 58 89 18 100
48 47 99 18 29 93
75 4 37 74 48 22
88 61 3 92 27 41
37 83 69 40 18 60
24 86 74 22 59 74
12 21 92 40 83 47
99 54 21 30 63 24
35 74 97 3 78 47
79 75 51 18 25 16
4 23 52 5 70 48
62 85 32 81 23 66
58 15 97 94 59 69
38 96 13 99 18 68
79 74 87 52 64 20
36 4 37 25 62 69
2 30 30 15 10 47
36 95 63 62 10 75
98 22 70 76 63 11
31 34 94 77 96 22
64 81 9 50 55 12
34 59 2 7 17 61
99 16 47 38 20 39
71 76 90 65 34 81
