60 7 2
30 30
95 82 79 33 50 55 27
37 50 6 70 49 22 53
99 85 10 3 74 72 51
88 6 34 37 39 62 56
5 52 72 76 2 20 61
74 63 79 37 94 85 85
30 51 37 62 97 76 50
81 80 37 34 41 95 9
36 40 69 47 14 73 78
62 24 78 49 82 21 30
44 24 83 78 58 21 91
85 53 62 96 41 97 51
63 2 76 6 27 8 99
60 56 27 95 79 68 85
20 21 77 32 92 36 83
25 90 43 68 87 79 65
55 61 98 64 33 46 61
76 63 75 8 5 77 68
42 87 88 60 35 28 54
22 5 57 2 9 19 42
14 40 18 53 81 25 71
75 90 10 77 37 75 60
97 93 66 38 60 16 100
7 8 26 16 12 61 82
45 2 77 60 9 44 34
44 7 32 7 68 10 82
58 26 3 32 9 18 40
10 11 78 13 23 9 70
53 88 2 40 50 38 48
49 59 80 18 34 88 18
15 60 2 98 60 87 55
89 48 73 52 43 99 11
95 47 93 11 96 23 60
90 62 8 93 1 23 85
25 43 77 12 55 84 32
81 5 77 81 72 24 85
27 74 20 41 61 19 46
89 63 27 12 44 18 86
11 92 55 49 36 97 25
15 9 94 80 95 43 98
86 97 21 73 17 31 36
70 79 77 64 54 14 12
56 12 69 73 23 57 77
45 39 29 6 4 62 94
14 24 47 58 55 18 95
38 87 68 67 91 15 66
52 3 50 88 20 68 23
67 73 89 74 76 45 3
63 55 20 90 95 82 32
51 10 5 89 70 24 29
18 27 86 85 50 49 24
80 86 51 14 66 64 62
18 49 17 68 88 2 48
78 1 41 89 64 92 61
82 89 70 37 29 97 53
47 89 16 79 71 50 84
92 84 18 79 10 79 35
32 14 15 32 38 84 90
58 15 67 49 56 2 78
3 42 2 32 75 57 54
