80 10 2
40 40
37 66 35 36 57 2 42 31 97 35
77 90 82 13 88 93 47 24 88 60
91 63 57 30 91 58 1 20 22 44
57 82 43 46 11 77 75 93 100 59
88 74 32 57 26 16 91 24 48 25
29 24 12 48 21 8 79 67 79 62
77 48 17 65 89 32 46 53 40 96
60 41 55 44 64 23 18 61 75 24
89 2 65 56 11 43 30 100 59 10
99 94 45 8 25 26 86 12 32 51
9 80 44 93 70 79 15 40 57 49
3 52 7 39 64 80 42 6 24 9
99 75 94 13 9 29 1 32 80 10
95 82 69 68 56 9 10 59 46 23
23 4 98 52 96 23 99 78 12 81
23 49 50 48 90 49 9 53 19 100
3 75 43 21 91 61 82 80 16 63
87 45 36 55 39 32 68 48 5 60
50 36 31 77 17 70 66 78 16 47
18 82 50 3 28 77 9 79 5 44
80 43 8 68 40 39 85 71 49 44
47 34 99 13 70 54 51 25 31 59
25 21 42 85 76 75 36 87 27 35
48 58 44 17 14 89 14 22 28 40
85 33 34 19 28 19 33 30 72 50
38 96 83 63 97 12 27 24 99 35
43 31 43 90 39 98 65 17 7 55
60 62 80 12 35 75 79 28 64 51
10 71 19 27 32 5 39 23 87 32
42 94 7 73 25 48 39 43 24 72
100 51 82 85 68 50 43 57 31 19
67 97 78 65 37 37 87 13 91 32
55 42 40 98 99 24 46 25 43 19
30 12 89 82 19 90 91 25 41 100
89 29 30 38 64 45 77 94 27 2
72 19 48 4 13 34 31 68 24 65
85 13 89 81 96 10 77 16 19 76
14 22 6 39 90 22 53 72 50 10
26 69 64 69 24 41 41 60 80 9
6 69 60 44 100 84 3 41 11 13
86 81 70 58 20 81 5 81 69 89
27 35 92 67 99 43 33 40 1 50
39 91 63 11 89 19 99 89 16 92
30 24 54 67 96 14 23 71 63 68
47 85 3 62 47 84 65 64 94 70
32 64 94 41 9 86 95 6 31 52
47 3 15 82 1 32 34 51 50 66
14 14 25 80 72 70 21 66 52 36
99 27 30 39 35 43 42 84 13 29
45 65 24 59 76 46 33 9 84 89
98 50 23 15 68 33 42 84 75 49
5 82 30 97 56 11 77 30 15 86
21 93 16 31 29 40 18 45 27 37
31 38 67 36 51 42 8 83 69 62
51 29 16 11 21 51 81 57 20 7
26 83 99 34 92 69 55 3 47 66
88 71 97 59 26 7 64 71 16 7
9 10 41 46 36 10 23 62 49 61
25 95 36 27 6 92 63 31 94 78
91 49 43 14 20 38 4 65 56 47
96 6 11 20 88 2 8 57 15 45
66 16 19 3 17 3 96 9 61 61
46 97 50 21 51 62 54 98 7 23
15 68 4 18 18 28 8 100 32 64
23 28 19 35 23 21 13 23 42 51
75 63 54 47 71 46 43 96 1 30
60 4 92 90 95 52 5 6 36 4
50 41 71 43 10 97 6 41 38 48
95 60 5 4 65 45 46 3 84 77
58 45 73 82 18 68 90 50 37 73
2 33 62 89 63 40 25 18 67 5
94 39 70 24 26 39 13 41 37 91
61 82 96 61 33 33 25 12 73 72
50 33 25 74 56 14 77 35 23 43
35 72 9 26 48 79 88 62 35 40
27 59 2 55 65 5 19 23 7 69
6 9 63 38 38 17 74 66 93 71
51 66 100 16 12 5 12 30 39 80
98 63 89 53 4 90 20 47 45 14
100 39 81 18 12 73 36 28 99 10
