80 7 4
20 20 20 20
88 87 31 1 57 3 46
97 27 64 88 76 57 45
82 47 61 77 40 86 31
87 83 91 42 2 47 14
68 41 21 24 74 26 86
71 40 74 1 7 59 53
18 70 3 25 68 23 100
23 63 96 56 50 40 78
76 29 57 47 86 82 82
65 19 37 74 73 52 47
95 6 77 38 56 35 93
48 83 27 37 99 79 58
49 11 44 33 35 77 35
67 43 83 74 100 88 19
35 5 59 93 86 93 23
75 41 92 9 20 99 66
75 71 81 64 82 53 27
25 98 43 27 1 11 14
81 47 100 16 14 48 5
86 77 80 92 77 45 61
31 70 88 82 30 96 12
53 45 54 6 68 66 62
11 18 3 81 88 67 54
65 51 50 1 44 5 13
77 33 81 98 30 34 27
25 77 92 66 13 45 34
98 47 13 36 11 79 75
32 95 46 94 93 4 41
29 86 71 5 29 46 20
65 79 79 23 46 17 42
23 100 24 35 48 69 61
86 36 21 53 88 58 5
77 16 88 67 77 24 82
4 40 100 49 22 96 45
73 19 71 8 5 90 7
18 94 44 78 32 44 57
87 1 57 31 91 79 53
52 1 75 28 79 59 53
43 45 7 17 39 82 97
83 59 51 72 90 53 81
2 96 27 11 28 35 87
35 76 17 69 82 3 97
79 37 27 46 67 68 37
13 51 17 34 61 62 41
51 50 27 18 92 28 30
66 28 70 74 38 85 33
55 19 44 52 5 60 39
52 2 46 25 8 43 34
68 34 57 32 41 70 41
74 2 62 83 52 72 36
17 74 62 13 16 34 76
95 25 71 32 36 96 57
62 76 96 100 28 16 7
61 63 92 4 22 79 93
70 45 27 69 55 27 50
59 18 69 100 86 84 22
94 48 40 8 61 59 27
79 3 86 77 99 22 51
93 97 87 79 14 97 19
89 56 86 19 47 78 27
52 25 45 9 4 38 66
86 39 61 88 8 83 64
44 53 9 30 63 15 60
72 91 94 39 13 38 31
22 15 90 74 9 19 12
10 92 96 80 20 40 66
95 86 29 6 26 88 22
31 82 31 71 68 69 34
67 79 5 37 78 68 61
86 26 67 83 49 27 21
4 77 70 82 85 97 69
27 41 77 12 77 93 12
37 90 72 30 25 8 20
11 73 14 89 1 91 72
17 87 26 7 58 77 62
11 92 60 8 45 88 72
50 37 98 42 36 85 66
44 58 82 89 46 97 28
53 11 10 81 37 35 95
63 59 34 69 43 51 90
